FID ID phe0 phe1 phe2 
1 10000  0 0.8875 0.1125 
1 10001  0 0.875 0.125 
1 10002  1 0.87 0.13 
1 10003  1 0.88 0.12 
1 10004  1 0.8725 0.1275 
2 20000  0 0.6325 0.3675 
2 20001  0 0.69 0.31 
2 20002  0 0.68 0.32 
2 20003  0 0.66 0.34 
2 20004  1 0.665 0.335 
3 30000  0 0.865 0.135 
3 30001  1 0.8025 0.1975 
3 30002  1 0.8625 0.1375 
3 30003  0 0.8325 0.1675 
3 30004  1 0.8375 0.1625 
4 40000  1 0.7725 0.2275 
4 40001  0 0.76 0.24 
4 40002  1 0.7525 0.2475 
4 40003  0 0.775 0.225 
4 40004  0 0.775 0.225 
5 50000  1 0.805 0.195 
5 50001  0 0.77 0.23 
5 50002  0 0.8175 0.1825 
5 50003  0 0.7925 0.2075 
5 50004  1 0.7525 0.2475 
6 60000  0 0.9025 0.0975 
6 60001  0 0.9025 0.0975 
6 60002  0 0.8875 0.1125 
6 60003  1 0.9025 0.0975 
6 60004  0 0.8975 0.1025 
7 70000  1 0.865 0.135 
7 70001  1 0.9 0.1 
7 70002  0 0.89 0.11 
7 70003  1 0.895 0.105 
7 70004  0 0.865 0.135 
8 80000  0 0.8675 0.1325 
8 80001  1 0.3825 0.6175 
8 80002  0 0.6225 0.3775 
8 80003  0 0.61 0.39 
8 80004  1 0.6325 0.3675 
9 90000  1 0.9 0.1 
9 90001  0 0.5375 0.4625 
9 90002  0 0.71 0.29 
9 90003  1 0.7075 0.2925 
9 90004  0 0.7425 0.2575 
10 100000  0 0.7025 0.2975 
10 100001  0 0.92 0.08 
10 100002  0 0.7825 0.2175 
10 100003  0 0.81 0.19 
10 100004  1 0.805 0.195 
11 110000  0 0.845 0.155 
11 110001  0 0.85 0.15 
11 110002  1 0.845 0.155 
11 110003  0 0.8575 0.1425 
11 110004  0 0.8625 0.1375 
12 120000  0 0.67 0.33 
12 120001  0 0.8975 0.1025 
12 120002  1 0.7675 0.2325 
12 120003  0 0.7875 0.2125 
12 120004  1 0.76 0.24 
13 130000  0 0.87 0.13 
13 130001  0 0.8975 0.1025 
13 130002  1 0.885 0.115 
13 130003  0 0.8725 0.1275 
13 130004  0 0.8925 0.1075 
14 140000  1 0.895 0.105 
14 140001  0 0.8975 0.1025 
14 140002  0 0.89 0.11 
14 140003  0 0.9025 0.0975 
14 140004  1 0.885 0.115 
15 150000  1 0.74 0.26 
15 150001  1 0.8275 0.1725 
15 150002  0 0.785 0.215 
15 150003  1 0.805 0.195 
15 150004  1 0.785 0.215 
16 160000  0 0.875 0.125 
16 160001  0 0.87 0.13 
16 160002  1 0.8475 0.1525 
16 160003  0 0.875 0.125 
16 160004  0 0.875 0.125 
17 170000  0 0.8875 0.1125 
17 170001  0 0.74 0.26 
17 170002  0 0.83 0.17 
17 170003  0 0.7925 0.2075 
17 170004  1 0.8175 0.1825 
18 180000  0 0.775 0.225 
18 180001  0 0.805 0.195 
18 180002  1 0.78 0.22 
18 180003  0 0.8275 0.1725 
18 180004  0 0.8075 0.1925 
19 190000  0 0.6975 0.3025 
19 190001  0 0.8625 0.1375 
19 190002  1 0.7675 0.2325 
19 190003  1 0.79 0.21 
19 190004  0 0.775 0.225 
20 200000  0 0.9275 0.0725 
20 200001  1 0.86 0.14 
20 200002  0 0.8775 0.1225 
20 200003  0 0.885 0.115 
20 200004  1 0.8975 0.1025 
21 210000  0 0.7025 0.2975 
21 210001  0 0.89 0.11 
21 210002  1 0.7875 0.2125 
21 210003  0 0.79 0.21 
21 210004  0 0.78 0.22 
22 220000  1 0.725 0.275 
22 220001  0 0.8275 0.1725 
22 220002  0 0.76 0.24 
22 220003  1 0.7725 0.2275 
22 220004  0 0.7525 0.2475 
23 230000  1 0.855 0.145 
23 230001  0 0.84 0.16 
23 230002  0 0.8425 0.1575 
23 230003  0 0.8375 0.1625 
23 230004  1 0.8475 0.1525 
24 240000  0 0.4425 0.5575 
24 240001  0 0.92 0.08 
24 240002  1 0.695 0.305 
24 240003  0 0.6825 0.3175 
24 240004  0 0.69 0.31 
25 250000  0 0.625 0.375 
25 250001  0 0.84 0.16 
25 250002  0 0.7425 0.2575 
25 250003  1 0.72 0.28 
25 250004  0 0.72 0.28 
26 260000  0 0.925 0.075 
26 260001  0 0.8375 0.1625 
26 260002  0 0.8725 0.1275 
26 260003  0 0.8825 0.1175 
26 260004  1 0.845 0.155 
27 270000  0 0.725 0.275 
27 270001  0 0.8375 0.1625 
27 270002  0 0.7825 0.2175 
27 270003  1 0.7775 0.2225 
27 270004  0 0.775 0.225 
28 280000  1 0.86 0.14 
28 280001  0 0.81 0.19 
28 280002  0 0.8375 0.1625 
28 280003  0 0.84 0.16 
28 280004  1 0.85 0.15 
29 290000  0 0.445 0.555 
29 290001  0 0.8025 0.1975 
29 290002  1 0.6075 0.3925 
29 290003  0 0.65 0.35 
29 290004  0 0.65 0.35 
30 300000  0 0.6675 0.3325 
30 300001  0 0.5525 0.4475 
30 300002  1 0.595 0.405 
30 300003  0 0.62 0.38 
30 300004  1 0.6225 0.3775 
31 310000  0 0.8775 0.1225 
31 310001  1 0.8475 0.1525 
31 310002  0 0.8475 0.1525 
31 310003  0 0.8725 0.1275 
31 310004  1 0.8725 0.1275 
32 320000  0 0.4825 0.5175 
32 320001  0 0.7 0.3 
32 320002  0 0.585 0.415 
32 320003  0 0.615 0.385 
32 320004  1 0.55 0.45 
33 330000  0 0.3575 0.6425 
33 330001  1 0.68 0.32 
33 330002  0 0.525 0.475 
33 330003  0 0.55 0.45 
33 330004  1 0.505 0.495 
34 340000  0 0.8975 0.1025 
34 340001  0 0.875 0.125 
34 340002  0 0.8775 0.1225 
34 340003  1 0.8775 0.1225 
34 340004  1 0.89 0.11 
35 350000  0 0.685 0.315 
35 350001  0 0.835 0.165 
35 350002  0 0.755 0.245 
35 350003  1 0.7625 0.2375 
35 350004  0 0.765 0.235 
36 360000  1 0.7 0.3 
36 360001  0 0.705 0.295 
36 360002  1 0.7125 0.2875 
36 360003  0 0.7225 0.2775 
36 360004  0 0.6925 0.3075 
37 370000  0 0.64 0.36 
37 370001  0 0.7725 0.2275 
37 370002  1 0.7 0.3 
37 370003  1 0.74 0.26 
37 370004  0 0.715 0.285 
38 380000  1 0.9275 0.0725 
38 380001  0 0.8425 0.1575 
38 380002  1 0.9 0.1 
38 380003  1 0.8825 0.1175 
38 380004  0 0.89 0.11 
39 390000  0 0.84 0.16 
39 390001  0 0.8875 0.1125 
39 390002  0 0.8575 0.1425 
39 390003  1 0.885 0.115 
39 390004  0 0.8775 0.1225 
40 400000  0 0.71 0.29 
40 400001  0 0.9325 0.0675 
40 400002  0 0.82 0.18 
40 400003  1 0.8125 0.1875 
40 400004  0 0.845 0.155 
41 410000  0 0.86 0.14 
41 410001  0 0.4575 0.5425 
41 410002  1 0.67 0.33 
41 410003  1 0.63 0.37 
41 410004  1 0.6725 0.3275 
42 420000  0 0.7725 0.2275 
42 420001  1 0.45 0.55 
42 420002  0 0.6275 0.3725 
42 420003  0 0.6425 0.3575 
42 420004  1 0.6025 0.3975 
43 430000  0 0.8875 0.1125 
43 430001  0 0.8975 0.1025 
43 430002  1 0.8775 0.1225 
43 430003  0 0.885 0.115 
43 430004  0 0.895 0.105 
44 440000  0 0.8925 0.1075 
44 440001  0 0.8375 0.1625 
44 440002  0 0.865 0.135 
44 440003  0 0.8525 0.1475 
44 440004  1 0.8525 0.1475 
45 450000  0 0.8225 0.1775 
45 450001  0 0.79 0.21 
45 450002  0 0.825 0.175 
45 450003  1 0.8 0.2 
45 450004  0 0.82 0.18 
46 460000  1 0.7325 0.2675 
46 460001  0 0.8475 0.1525 
46 460002  0 0.78 0.22 
46 460003  0 0.7875 0.2125 
46 460004  1 0.83 0.17 
47 470000  0 0.5975 0.4025 
47 470001  0 0.435 0.565 
47 470002  0 0.4875 0.5125 
47 470003  0 0.5325 0.4675 
47 470004  1 0.52 0.48 
48 480000  1 0.8675 0.1325 
48 480001  0 0.8975 0.1025 
48 480002  1 0.885 0.115 
48 480003  0 0.8775 0.1225 
48 480004  0 0.8775 0.1225 
49 490000  1 0.8925 0.1075 
49 490001  0 0.9225 0.0775 
49 490002  1 0.89 0.11 
49 490003  0 0.895 0.105 
49 490004  0 0.9075 0.0925 
50 500000  0 0.825 0.175 
50 500001  0 0.545 0.455 
50 500002  1 0.6775 0.3225 
50 500003  1 0.6425 0.3575 
50 500004  0 0.7125 0.2875 
51 510000  0 0.8575 0.1425 
51 510001  1 0.4575 0.5425 
51 510002  1 0.635 0.365 
51 510003  0 0.67 0.33 
51 510004  1 0.645 0.355 
52 520000  0 0.9225 0.0775 
52 520001  0 0.835 0.165 
52 520002  0 0.885 0.115 
52 520003  0 0.8825 0.1175 
52 520004  1 0.8775 0.1225 
53 530000  0 0.8 0.2 
53 530001  1 0.7625 0.2375 
53 530002  0 0.785 0.215 
53 530003  0 0.7825 0.2175 
53 530004  1 0.775 0.225 
54 540000  1 0.895 0.105 
54 540001  0 0.9075 0.0925 
54 540002  1 0.89 0.11 
54 540003  0 0.915 0.085 
54 540004  0 0.895 0.105 
55 550000  0 0.705 0.295 
55 550001  0 0.775 0.225 
55 550002  0 0.74 0.26 
55 550003  1 0.7175 0.2825 
55 550004  1 0.725 0.275 
56 560000  0 0.9 0.1 
56 560001  0 0.9325 0.0675 
56 560002  0 0.92 0.08 
56 560003  0 0.9125 0.0875 
56 560004  1 0.91 0.09 
57 570000  1 0.6925 0.3075 
57 570001  0 0.68 0.32 
57 570002  0 0.6875 0.3125 
57 570003  0 0.655 0.345 
57 570004  1 0.685 0.315 
58 580000  0 0.9 0.1 
58 580001  0 0.875 0.125 
58 580002  1 0.8875 0.1125 
58 580003  0 0.885 0.115 
58 580004  0 0.8875 0.1125 
59 590000  0 0.8125 0.1875 
59 590001  0 0.875 0.125 
59 590002  1 0.835 0.165 
59 590003  0 0.855 0.145 
59 590004  0 0.8425 0.1575 
60 600000  1 0.8325 0.1675 
60 600001  0 0.8325 0.1675 
60 600002  0 0.8325 0.1675 
60 600003  1 0.7875 0.2125 
60 600004  0 0.8375 0.1625 
61 610000  0 0.705 0.295 
61 610001  0 0.8675 0.1325 
61 610002  0 0.7875 0.2125 
61 610003  1 0.7975 0.2025 
61 610004  0 0.7875 0.2125 
62 620000  0 0.4625 0.5375 
62 620001  0 0.87 0.13 
62 620002  0 0.6775 0.3225 
62 620003  1 0.6625 0.3375 
62 620004  0 0.7025 0.2975 
63 630000  0 0.9075 0.0925 
63 630001  0 0.745 0.255 
63 630002  0 0.8225 0.1775 
63 630003  0 0.825 0.175 
63 630004  1 0.8 0.2 
64 640000  0 0.855 0.145 
64 640001  0 0.81 0.19 
64 640002  1 0.845 0.155 
64 640003  0 0.825 0.175 
64 640004  1 0.8375 0.1625 
65 650000  1 0.475 0.525 
65 650001  0 0.9075 0.0925 
65 650002  1 0.6825 0.3175 
65 650003  1 0.7025 0.2975 
65 650004  1 0.695 0.305 
66 660000  1 0.745 0.255 
66 660001  0 0.865 0.135 
66 660002  1 0.81 0.19 
66 660003  0 0.8275 0.1725 
66 660004  0 0.8025 0.1975 
67 670000  0 0.8925 0.1075 
67 670001  0 0.8825 0.1175 
67 670002  1 0.89 0.11 
67 670003  0 0.9175 0.0825 
67 670004  1 0.905 0.095 
68 680000  0 0.895 0.105 
68 680001  0 0.9025 0.0975 
68 680002  1 0.9075 0.0925 
68 680003  0 0.8925 0.1075 
68 680004  0 0.885 0.115 
69 690000  1 0.41 0.59 
69 690001  0 0.89 0.11 
69 690002  1 0.6625 0.3375 
69 690003  0 0.6425 0.3575 
69 690004  0 0.675 0.325 
70 700000  0 0.7725 0.2275 
70 700001  0 0.7175 0.2825 
70 700002  0 0.7425 0.2575 
70 700003  1 0.755 0.245 
70 700004  0 0.76 0.24 
71 710000  0 0.0 1.0 
71 710001  1 0.7925 0.2075 
71 710002  0 0.4 0.6 
71 710003  1 0.3975 0.6025 
71 710004  0 0.4 0.6 
72 720000  0 0.6975 0.3025 
72 720001  0 0.745 0.255 
72 720002  1 0.72 0.28 
72 720003  0 0.7225 0.2775 
72 720004  0 0.7125 0.2875 
73 730000  1 0.8325 0.1675 
73 730001  0 0.835 0.165 
73 730002  1 0.8275 0.1725 
73 730003  0 0.84 0.16 
73 730004  0 0.82 0.18 
74 740000  0 0.61 0.39 
74 740001  0 0.9625 0.0375 
74 740002  0 0.7775 0.2225 
74 740003  0 0.7825 0.2175 
74 740004  1 0.815 0.185 
75 750000  0 0.865 0.135 
75 750001  0 0.84 0.16 
75 750002  1 0.8525 0.1475 
75 750003  0 0.845 0.155 
75 750004  0 0.825 0.175 
76 760000  0 0.775 0.225 
76 760001  0 0.86 0.14 
76 760002  1 0.8325 0.1675 
76 760003  0 0.825 0.175 
76 760004  0 0.835 0.165 
77 770000  0 0.86 0.14 
77 770001  1 0.675 0.325 
77 770002  0 0.78 0.22 
77 770003  1 0.79 0.21 
77 770004  0 0.7525 0.2475 
78 780000  1 0.895 0.105 
78 780001  0 0.645 0.355 
78 780002  0 0.7675 0.2325 
78 780003  1 0.7575 0.2425 
78 780004  0 0.7625 0.2375 
79 790000  0 0.5675 0.4325 
79 790001  1 0.85 0.15 
79 790002  0 0.7 0.3 
79 790003  1 0.705 0.295 
79 790004  0 0.7425 0.2575 
80 800000  1 0.85 0.15 
80 800001  1 0.9 0.1 
80 800002  0 0.88 0.12 
80 800003  0 0.875 0.125 
80 800004  1 0.875 0.125 
81 810000  0 0.6275 0.3725 
81 810001  0 0.0 1.0 
81 810002  0 0.3175 0.6825 
81 810003  0 0.3325 0.6675 
81 810004  1 0.3225 0.6775 
82 820000  0 0.8875 0.1125 
82 820001  0 0.3875 0.6125 
82 820002  0 0.6475 0.3525 
82 820003  0 0.655 0.345 
82 820004  1 0.65 0.35 
83 830000  1 0.845 0.155 
83 830001  0 0.7825 0.2175 
83 830002  0 0.8425 0.1575 
83 830003  1 0.8075 0.1925 
83 830004  0 0.8125 0.1875 
84 840000  1 0.725 0.275 
84 840001  0 0.88 0.12 
84 840002  1 0.805 0.195 
84 840003  0 0.8175 0.1825 
84 840004  1 0.8 0.2 
85 850000  0 0.73 0.27 
85 850001  1 0.7425 0.2575 
85 850002  0 0.745 0.255 
85 850003  1 0.7375 0.2625 
85 850004  0 0.7175 0.2825 
86 860000  0 0.8375 0.1625 
86 860001  0 0.865 0.135 
86 860002  1 0.8475 0.1525 
86 860003  0 0.8525 0.1475 
86 860004  0 0.8475 0.1525 
87 870000  0 0.86 0.14 
87 870001  0 0.755 0.245 
87 870002  1 0.82 0.18 
87 870003  1 0.8125 0.1875 
87 870004  0 0.835 0.165 
88 880000  0 0.6175 0.3825 
88 880001  1 0.8075 0.1925 
88 880002  1 0.7325 0.2675 
88 880003  1 0.7175 0.2825 
88 880004  0 0.72 0.28 
89 890000  0 0.91 0.09 
89 890001  1 0.8675 0.1325 
89 890002  0 0.89 0.11 
89 890003  1 0.86 0.14 
89 890004  1 0.885 0.115 
90 900000  1 0.675 0.325 
90 900001  0 0.8875 0.1125 
90 900002  1 0.77 0.23 
90 900003  0 0.7775 0.2225 
90 900004  0 0.8175 0.1825 
91 910000  0 0.8925 0.1075 
91 910001  0 0.895 0.105 
91 910002  1 0.8975 0.1025 
91 910003  1 0.875 0.125 
91 910004  0 0.9 0.1 
92 920000  0 0.815 0.185 
92 920001  0 0.5775 0.4225 
92 920002  1 0.7 0.3 
92 920003  0 0.695 0.305 
92 920004  0 0.7225 0.2775 
93 930000  1 0.7775 0.2225 
93 930001  1 0.9 0.1 
93 930002  1 0.865 0.135 
93 930003  0 0.85 0.15 
93 930004  1 0.8325 0.1675 
94 940000  0 0.8575 0.1425 
94 940001  0 0.7475 0.2525 
94 940002  0 0.82 0.18 
94 940003  0 0.7975 0.2025 
94 940004  1 0.805 0.195 
95 950000  0 0.85 0.15 
95 950001  1 0.84 0.16 
95 950002  0 0.8575 0.1425 
95 950003  0 0.8325 0.1675 
95 950004  1 0.8375 0.1625 
96 960000  0 0.7325 0.2675 
96 960001  0 0.8725 0.1275 
96 960002  0 0.795 0.205 
96 960003  0 0.81 0.19 
96 960004  1 0.8125 0.1875 
97 970000  1 0.8225 0.1775 
97 970001  1 0.93 0.07 
97 970002  1 0.8875 0.1125 
97 970003  0 0.87 0.13 
97 970004  0 0.8675 0.1325 
98 980000  0 0.745 0.255 
98 980001  1 0.7825 0.2175 
98 980002  0 0.75 0.25 
98 980003  0 0.755 0.245 
98 980004  1 0.765 0.235 
99 990000  0 0.7925 0.2075 
99 990001  1 0.8 0.2 
99 990002  0 0.8175 0.1825 
99 990003  0 0.79 0.21 
99 990004  1 0.7875 0.2125 
100 1000000  1 0.825 0.175 
100 1000001  0 0.845 0.155 
100 1000002  0 0.8225 0.1775 
100 1000003  1 0.815 0.185 
100 1000004  0 0.8575 0.1425 
101 1010000  0 0.8975 0.1025 
101 1010001  0 0.0 1.0 
101 1010002  1 0.4475 0.5525 
101 1010003  0 0.4525 0.5475 
101 1010004  0 0.4475 0.5525 
102 1020000  1 0.805 0.195 
102 1020001  0 0.785 0.215 
102 1020002  1 0.795 0.205 
102 1020003  0 0.795 0.205 
102 1020004  0 0.8025 0.1975 
103 1030000  0 0.75 0.25 
103 1030001  0 0.845 0.155 
103 1030002  1 0.785 0.215 
103 1030003  0 0.79 0.21 
103 1030004  0 0.79 0.21 
104 1040000  0 0.9025 0.0975 
104 1040001  0 0.755 0.245 
104 1040002  1 0.8075 0.1925 
104 1040003  0 0.84 0.16 
104 1040004  1 0.8075 0.1925 
105 1050000  0 0.41 0.59 
105 1050001  0 0.4625 0.5375 
105 1050002  0 0.4625 0.5375 
105 1050003  1 0.4375 0.5625 
105 1050004  0 0.48 0.52 
106 1060000  0 0.5425 0.4575 
106 1060001  0 0.835 0.165 
106 1060002  0 0.6625 0.3375 
106 1060003  1 0.6825 0.3175 
106 1060004  0 0.6675 0.3325 
107 1070000  0 0.7275 0.2725 
107 1070001  0 0.59 0.41 
107 1070002  0 0.675 0.325 
107 1070003  0 0.6575 0.3425 
107 1070004  1 0.66 0.34 
108 1080000  0 0.865 0.135 
108 1080001  0 0.7425 0.2575 
108 1080002  1 0.79 0.21 
108 1080003  0 0.8025 0.1975 
108 1080004  0 0.825 0.175 
109 1090000  0 0.44 0.56 
109 1090001  0 0.845 0.155 
109 1090002  1 0.6575 0.3425 
109 1090003  1 0.645 0.355 
109 1090004  0 0.6625 0.3375 
110 1100000  0 0.8375 0.1625 
110 1100001  0 0.915 0.085 
110 1100002  0 0.86 0.14 
110 1100003  0 0.875 0.125 
110 1100004  1 0.88 0.12 
111 1110000  0 0.8425 0.1575 
111 1110001  1 0.5675 0.4325 
111 1110002  1 0.6925 0.3075 
111 1110003  0 0.715 0.285 
111 1110004  0 0.74 0.26 
112 1120000  0 0.8275 0.1725 
112 1120001  0 0.7425 0.2575 
112 1120002  0 0.7725 0.2275 
112 1120003  1 0.775 0.225 
112 1120004  0 0.79 0.21 
113 1130000  0 0.795 0.205 
113 1130001  0 0.0 1.0 
113 1130002  0 0.395 0.605 
113 1130003  0 0.39 0.61 
113 1130004  1 0.4075 0.5925 
114 1140000  0 0.935 0.065 
114 1140001  0 0.0 1.0 
114 1140002  1 0.465 0.535 
114 1140003  1 0.46 0.54 
114 1140004  0 0.47 0.53 
115 1150000  1 0.8575 0.1425 
115 1150001  0 0.7375 0.2625 
115 1150002  0 0.795 0.205 
115 1150003  1 0.8125 0.1875 
115 1150004  0 0.785 0.215 
116 1160000  0 0.8275 0.1725 
116 1160001  1 0.8775 0.1225 
116 1160002  0 0.8625 0.1375 
116 1160003  1 0.865 0.135 
116 1160004  0 0.8425 0.1575 
117 1170000  1 0.7225 0.2775 
117 1170001  1 0.6175 0.3825 
117 1170002  0 0.695 0.305 
117 1170003  0 0.705 0.295 
117 1170004  1 0.6825 0.3175 
118 1180000  0 0.8 0.2 
118 1180001  0 0.895 0.105 
118 1180002  0 0.815 0.185 
118 1180003  0 0.85 0.15 
118 1180004  1 0.84 0.16 
119 1190000  0 0.9275 0.0725 
119 1190001  0 0.8675 0.1325 
119 1190002  0 0.89 0.11 
119 1190003  0 0.905 0.095 
119 1190004  1 0.905 0.095 
120 1200000  0 0.6625 0.3375 
120 1200001  0 0.8475 0.1525 
120 1200002  1 0.7575 0.2425 
120 1200003  0 0.755 0.245 
120 1200004  1 0.7375 0.2625 
121 1210000  0 0.91 0.09 
121 1210001  0 0.615 0.385 
121 1210002  1 0.76 0.24 
121 1210003  0 0.775 0.225 
121 1210004  0 0.7825 0.2175 
122 1220000  1 0.8775 0.1225 
122 1220001  0 0.745 0.255 
122 1220002  0 0.795 0.205 
122 1220003  0 0.81 0.19 
122 1220004  1 0.8175 0.1825 
123 1230000  0 0.79 0.21 
123 1230001  1 0.8325 0.1675 
123 1230002  1 0.795 0.205 
123 1230003  1 0.83 0.17 
123 1230004  0 0.8075 0.1925 
124 1240000  0 0.7575 0.2425 
124 1240001  1 0.6625 0.3375 
124 1240002  0 0.745 0.255 
124 1240003  0 0.6875 0.3125 
124 1240004  1 0.69 0.31 
125 1250000  0 0.845 0.155 
125 1250001  0 0.85 0.15 
125 1250002  0 0.8525 0.1475 
125 1250003  1 0.8375 0.1625 
125 1250004  0 0.86 0.14 
126 1260000  0 0.7525 0.2475 
126 1260001  0 0.755 0.245 
126 1260002  0 0.725 0.275 
126 1260003  0 0.7625 0.2375 
126 1260004  1 0.77 0.23 
127 1270000  0 0.8575 0.1425 
127 1270001  0 0.765 0.235 
127 1270002  1 0.82 0.18 
127 1270003  0 0.815 0.185 
127 1270004  0 0.815 0.185 
128 1280000  1 0.935 0.065 
128 1280001  0 0.89 0.11 
128 1280002  1 0.91 0.09 
128 1280003  0 0.9 0.1 
128 1280004  1 0.92 0.08 
129 1290000  0 0.3775 0.6225 
129 1290001  0 0.835 0.165 
129 1290002  0 0.6025 0.3975 
129 1290003  0 0.6025 0.3975 
129 1290004  1 0.635 0.365 
130 1300000  1 0.87 0.13 
130 1300001  1 0.9025 0.0975 
130 1300002  1 0.87 0.13 
130 1300003  0 0.89 0.11 
130 1300004  0 0.89 0.11 
131 1310000  1 0.82 0.18 
131 1310001  1 0.885 0.115 
131 1310002  0 0.8375 0.1625 
131 1310003  0 0.8575 0.1425 
131 1310004  1 0.845 0.155 
132 1320000  0 0.7775 0.2225 
132 1320001  0 0.7675 0.2325 
132 1320002  0 0.7775 0.2225 
132 1320003  1 0.7875 0.2125 
132 1320004  0 0.7925 0.2075 
133 1330000  0 0.8025 0.1975 
133 1330001  1 0.8225 0.1775 
133 1330002  0 0.81 0.19 
133 1330003  1 0.8125 0.1875 
133 1330004  0 0.815 0.185 
134 1340000  0 0.7225 0.2775 
134 1340001  0 0.92 0.08 
134 1340002  1 0.825 0.175 
134 1340003  0 0.825 0.175 
134 1340004  0 0.8025 0.1975 
135 1350000  0 0.8575 0.1425 
135 1350001  0 0.8975 0.1025 
135 1350002  0 0.875 0.125 
135 1350003  1 0.865 0.135 
135 1350004  0 0.865 0.135 
136 1360000  1 0.84 0.16 
136 1360001  0 0.3825 0.6175 
136 1360002  1 0.585 0.415 
136 1360003  1 0.6125 0.3875 
136 1360004  1 0.61 0.39 
137 1370000  0 0.7275 0.2725 
137 1370001  0 0.93 0.07 
137 1370002  0 0.8275 0.1725 
137 1370003  0 0.815 0.185 
137 1370004  1 0.8225 0.1775 
138 1380000  0 0.705 0.295 
138 1380001  0 0.93 0.07 
138 1380002  0 0.83 0.17 
138 1380003  1 0.825 0.175 
138 1380004  0 0.83 0.17 
139 1390000  0 0.905 0.095 
139 1390001  1 0.735 0.265 
139 1390002  0 0.8025 0.1975 
139 1390003  0 0.815 0.185 
139 1390004  1 0.82 0.18 
140 1400000  0 0.85 0.15 
140 1400001  1 0.93 0.07 
140 1400002  1 0.905 0.095 
140 1400003  1 0.8875 0.1125 
140 1400004  0 0.8825 0.1175 
141 1410000  1 0.7 0.3 
141 1410001  0 0.9075 0.0925 
141 1410002  0 0.8225 0.1775 
141 1410003  1 0.81 0.19 
141 1410004  0 0.8 0.2 
142 1420000  0 0.5575 0.4425 
142 1420001  1 0.4425 0.5575 
142 1420002  0 0.5275 0.4725 
142 1420003  0 0.515 0.485 
142 1420004  1 0.5525 0.4475 
143 1430000  1 0.925 0.075 
143 1430001  0 0.77 0.23 
143 1430002  1 0.8525 0.1475 
143 1430003  0 0.845 0.155 
143 1430004  0 0.85 0.15 
144 1440000  1 0.9125 0.0875 
144 1440001  0 0.5825 0.4175 
144 1440002  1 0.765 0.235 
144 1440003  0 0.7625 0.2375 
144 1440004  0 0.765 0.235 
145 1450000  1 0.885 0.115 
145 1450001  1 0.81 0.19 
145 1450002  0 0.8475 0.1525 
145 1450003  1 0.8475 0.1525 
145 1450004  0 0.8475 0.1525 
146 1460000  0 0.0 1.0 
146 1460001  0 0.755 0.245 
146 1460002  0 0.3725 0.6275 
146 1460003  0 0.38 0.62 
146 1460004  1 0.3925 0.6075 
147 1470000  0 0.69 0.31 
147 1470001  0 0.7975 0.2025 
147 1470002  0 0.7325 0.2675 
147 1470003  0 0.77 0.23 
147 1470004  1 0.7425 0.2575 
148 1480000  0 0.86 0.14 
148 1480001  1 0.82 0.18 
148 1480002  1 0.865 0.135 
148 1480003  1 0.865 0.135 
148 1480004  0 0.8325 0.1675 
149 1490000  0 0.905 0.095 
149 1490001  0 0.7675 0.2325 
149 1490002  1 0.82 0.18 
149 1490003  0 0.8375 0.1625 
149 1490004  0 0.845 0.155 
150 1500000  1 0.585 0.415 
150 1500001  0 0.92 0.08 
150 1500002  1 0.77 0.23 
150 1500003  0 0.7575 0.2425 
150 1500004  0 0.7525 0.2475 
151 1510000  0 0.925 0.075 
151 1510001  0 0.7475 0.2525 
151 1510002  0 0.8275 0.1725 
151 1510003  1 0.83 0.17 
151 1510004  0 0.855 0.145 
152 1520000  0 0.82 0.18 
152 1520001  1 0.865 0.135 
152 1520002  1 0.8425 0.1575 
152 1520003  0 0.85 0.15 
152 1520004  0 0.8375 0.1625 
153 1530000  0 0.7925 0.2075 
153 1530001  0 0.6775 0.3225 
153 1530002  0 0.7375 0.2625 
153 1530003  1 0.745 0.255 
153 1530004  0 0.76 0.24 
154 1540000  1 0.85 0.15 
154 1540001  0 0.8625 0.1375 
154 1540002  1 0.8225 0.1775 
154 1540003  0 0.855 0.145 
154 1540004  0 0.86 0.14 
155 1550000  1 0.915 0.085 
155 1550001  1 0.88 0.12 
155 1550002  1 0.9025 0.0975 
155 1550003  0 0.8875 0.1125 
155 1550004  1 0.9 0.1 
156 1560000  0 0.67 0.33 
156 1560001  0 0.855 0.145 
156 1560002  0 0.755 0.245 
156 1560003  1 0.73 0.27 
156 1560004  0 0.75 0.25 
157 1570000  0 0.84 0.16 
157 1570001  1 0.82 0.18 
157 1570002  0 0.8475 0.1525 
157 1570003  0 0.825 0.175 
157 1570004  1 0.81 0.19 
158 1580000  0 0.9225 0.0775 
158 1580001  0 0.6525 0.3475 
158 1580002  0 0.7975 0.2025 
158 1580003  1 0.795 0.205 
158 1580004  0 0.7725 0.2275 
159 1590000  0 0.67 0.33 
159 1590001  0 0.915 0.085 
159 1590002  1 0.7925 0.2075 
159 1590003  0 0.815 0.185 
159 1590004  0 0.7825 0.2175 
160 1600000  1 0.7825 0.2175 
160 1600001  0 0.7975 0.2025 
160 1600002  1 0.7725 0.2275 
160 1600003  0 0.7875 0.2125 
160 1600004  0 0.7825 0.2175 
161 1610000  0 0.935 0.065 
161 1610001  0 0.87 0.13 
161 1610002  0 0.9275 0.0725 
161 1610003  1 0.9025 0.0975 
161 1610004  0 0.905 0.095 
162 1620000  0 0.7675 0.2325 
162 1620001  1 0.9175 0.0825 
162 1620002  0 0.84 0.16 
162 1620003  1 0.8475 0.1525 
162 1620004  0 0.8375 0.1625 
163 1630000  0 0.92 0.08 
163 1630001  0 0.755 0.245 
163 1630002  0 0.8425 0.1575 
163 1630003  0 0.825 0.175 
163 1630004  1 0.82 0.18 
164 1640000  0 0.8875 0.1125 
164 1640001  0 0.8775 0.1225 
164 1640002  0 0.8875 0.1125 
164 1640003  1 0.895 0.105 
164 1640004  0 0.885 0.115 
165 1650000  1 0.745 0.255 
165 1650001  0 0.83 0.17 
165 1650002  0 0.79 0.21 
165 1650003  1 0.7675 0.2325 
165 1650004  0 0.8025 0.1975 
166 1660000  1 0.84 0.16 
166 1660001  0 0.845 0.155 
166 1660002  1 0.83 0.17 
166 1660003  0 0.8525 0.1475 
166 1660004  1 0.8575 0.1425 
167 1670000  0 0.915 0.085 
167 1670001  0 0.9075 0.0925 
167 1670002  1 0.925 0.075 
167 1670003  1 0.905 0.095 
167 1670004  1 0.9225 0.0775 
168 1680000  0 0.0 1.0 
168 1680001  0 0.8875 0.1125 
168 1680002  0 0.435 0.565 
168 1680003  1 0.445 0.555 
168 1680004  0 0.445 0.555 
169 1690000  1 0.9 0.1 
169 1690001  0 0.6625 0.3375 
169 1690002  0 0.79 0.21 
169 1690003  0 0.775 0.225 
169 1690004  1 0.7875 0.2125 
170 1700000  0 0.7075 0.2925 
170 1700001  1 0.715 0.285 
170 1700002  1 0.73 0.27 
170 1700003  1 0.6875 0.3125 
170 1700004  0 0.73 0.27 
171 1710000  0 0.765 0.235 
171 1710001  0 0.655 0.345 
171 1710002  0 0.6875 0.3125 
171 1710003  1 0.755 0.245 
171 1710004  0 0.695 0.305 
172 1720000  0 0.8225 0.1775 
172 1720001  0 0.9175 0.0825 
172 1720002  1 0.8775 0.1225 
172 1720003  0 0.865 0.135 
172 1720004  0 0.8725 0.1275 
173 1730000  1 0.8175 0.1825 
173 1730001  1 0.3225 0.6775 
173 1730002  0 0.5725 0.4275 
173 1730003  1 0.58 0.42 
173 1730004  0 0.58 0.42 
174 1740000  1 0.88 0.12 
174 1740001  1 0.7925 0.2075 
174 1740002  1 0.8275 0.1725 
174 1740003  0 0.815 0.185 
174 1740004  0 0.8375 0.1625 
175 1750000  0 0.8025 0.1975 
175 1750001  1 0.4175 0.5825 
175 1750002  1 0.65 0.35 
175 1750003  1 0.5775 0.4225 
175 1750004  0 0.6175 0.3825 
176 1760000  1 0.8225 0.1775 
176 1760001  0 0.8675 0.1325 
176 1760002  1 0.835 0.165 
176 1760003  1 0.8475 0.1525 
176 1760004  0 0.8575 0.1425 
177 1770000  1 0.935 0.065 
177 1770001  0 0.9125 0.0875 
177 1770002  0 0.9225 0.0775 
177 1770003  1 0.935 0.065 
177 1770004  0 0.9425 0.0575 
178 1780000  0 0.79 0.21 
178 1780001  1 0.915 0.085 
178 1780002  0 0.875 0.125 
178 1780003  1 0.8425 0.1575 
178 1780004  0 0.87 0.13 
179 1790000  1 0.745 0.255 
179 1790001  0 0.8 0.2 
179 1790002  0 0.785 0.215 
179 1790003  0 0.7725 0.2275 
179 1790004  1 0.805 0.195 
180 1800000  0 0.9 0.1 
180 1800001  0 0.8775 0.1225 
180 1800002  0 0.895 0.105 
180 1800003  0 0.9 0.1 
180 1800004  1 0.89 0.11 
181 1810000  0 0.925 0.075 
181 1810001  0 0.865 0.135 
181 1810002  0 0.9075 0.0925 
181 1810003  1 0.9 0.1 
181 1810004  1 0.9075 0.0925 
182 1820000  0 0.87 0.13 
182 1820001  0 0.955 0.045 
182 1820002  0 0.925 0.075 
182 1820003  1 0.9225 0.0775 
182 1820004  0 0.9275 0.0725 
183 1830000  1 0.805 0.195 
183 1830001  0 0.77 0.23 
183 1830002  1 0.7925 0.2075 
183 1830003  0 0.7725 0.2275 
183 1830004  0 0.7875 0.2125 
184 1840000  0 0.9575 0.0425 
184 1840001  0 0.8975 0.1025 
184 1840002  0 0.9375 0.0625 
184 1840003  0 0.905 0.095 
184 1840004  1 0.915 0.085 
185 1850000  1 0.7025 0.2975 
185 1850001  0 0.78 0.22 
185 1850002  1 0.7325 0.2675 
185 1850003  0 0.7525 0.2475 
185 1850004  0 0.6975 0.3025 
186 1860000  0 0.865 0.135 
186 1860001  1 0.845 0.155 
186 1860002  0 0.84 0.16 
186 1860003  1 0.85 0.15 
186 1860004  0 0.86 0.14 
187 1870000  1 0.7575 0.2425 
187 1870001  0 0.8475 0.1525 
187 1870002  0 0.795 0.205 
187 1870003  1 0.8125 0.1875 
187 1870004  0 0.8175 0.1825 
188 1880000  1 0.365 0.635 
188 1880001  0 0.7725 0.2275 
188 1880002  1 0.5925 0.4075 
188 1880003  0 0.5875 0.4125 
188 1880004  0 0.5725 0.4275 
189 1890000  0 0.9475 0.0525 
189 1890001  1 0.425 0.575 
189 1890002  1 0.695 0.305 
189 1890003  0 0.6525 0.3475 
189 1890004  0 0.6975 0.3025 
190 1900000  0 0.715 0.285 
190 1900001  0 0.825 0.175 
190 1900002  1 0.8125 0.1875 
190 1900003  0 0.77 0.23 
190 1900004  1 0.7825 0.2175 
191 1910000  1 0.915 0.085 
191 1910001  0 0.6425 0.3575 
191 1910002  0 0.77 0.23 
191 1910003  1 0.7875 0.2125 
191 1910004  0 0.7725 0.2275 
192 1920000  0 0.7925 0.2075 
192 1920001  0 0.845 0.155 
192 1920002  0 0.8325 0.1675 
192 1920003  1 0.8125 0.1875 
192 1920004  1 0.8 0.2 
193 1930000  0 0.34 0.66 
193 1930001  0 0.925 0.075 
193 1930002  0 0.6525 0.3475 
193 1930003  0 0.64 0.36 
193 1930004  1 0.6525 0.3475 
194 1940000  0 0.575 0.425 
194 1940001  0 0.9025 0.0975 
194 1940002  0 0.75 0.25 
194 1940003  0 0.7425 0.2575 
194 1940004  1 0.7225 0.2775 
195 1950000  0 0.8575 0.1425 
195 1950001  0 0.4475 0.5525 
195 1950002  0 0.65 0.35 
195 1950003  0 0.6625 0.3375 
195 1950004  1 0.6375 0.3625 
196 1960000  0 0.0 1.0 
196 1960001  0 0.89 0.11 
196 1960002  0 0.4325 0.5675 
196 1960003  0 0.4475 0.5525 
196 1960004  1 0.44 0.56 
197 1970000  1 0.9225 0.0775 
197 1970001  1 0.8025 0.1975 
197 1970002  0 0.865 0.135 
197 1970003  0 0.86 0.14 
197 1970004  1 0.8725 0.1275 
198 1980000  0 0.8175 0.1825 
198 1980001  0 0.76 0.24 
198 1980002  0 0.7825 0.2175 
198 1980003  0 0.8025 0.1975 
198 1980004  1 0.7825 0.2175 
199 1990000  0 0.905 0.095 
199 1990001  0 0.69 0.31 
199 1990002  0 0.795 0.205 
199 1990003  0 0.7775 0.2225 
199 1990004  1 0.8075 0.1925 
200 2000000  0 0.8775 0.1225 
200 2000001  1 0.86 0.14 
200 2000002  0 0.8525 0.1475 
200 2000003  0 0.8875 0.1125 
200 2000004  1 0.8575 0.1425 
201 2010000  0 0.9125 0.0875 
201 2010001  1 0.6875 0.3125 
201 2010002  1 0.8125 0.1875 
201 2010003  0 0.82 0.18 
201 2010004  1 0.81 0.19 
202 2020000  1 0.8625 0.1375 
202 2020001  1 0.8825 0.1175 
202 2020002  1 0.8575 0.1425 
202 2020003  0 0.8575 0.1425 
202 2020004  0 0.8725 0.1275 
203 2030000  0 0.81 0.19 
203 2030001  0 0.7875 0.2125 
203 2030002  0 0.7975 0.2025 
203 2030003  1 0.8175 0.1825 
203 2030004  1 0.8075 0.1925 
204 2040000  0 0.855 0.145 
204 2040001  0 0.895 0.105 
204 2040002  1 0.8425 0.1575 
204 2040003  1 0.885 0.115 
204 2040004  0 0.8775 0.1225 
205 2050000  0 0.8675 0.1325 
205 2050001  0 0.77 0.23 
205 2050002  1 0.845 0.155 
205 2050003  0 0.8075 0.1925 
205 2050004  0 0.8425 0.1575 
206 2060000  0 0.86 0.14 
206 2060001  0 0.9275 0.0725 
206 2060002  1 0.8775 0.1225 
206 2060003  0 0.895 0.105 
206 2060004  1 0.915 0.085 
207 2070000  0 0.86 0.14 
207 2070001  0 0.8975 0.1025 
207 2070002  1 0.905 0.095 
207 2070003  0 0.865 0.135 
207 2070004  0 0.8775 0.1225 
208 2080000  0 0.895 0.105 
208 2080001  0 0.6675 0.3325 
208 2080002  0 0.8 0.2 
208 2080003  0 0.78 0.22 
208 2080004  1 0.795 0.205 
209 2090000  1 0.8 0.2 
209 2090001  0 0.905 0.095 
209 2090002  1 0.8575 0.1425 
209 2090003  1 0.87 0.13 
209 2090004  0 0.86 0.14 
210 2100000  0 0.88 0.12 
210 2100001  0 0.9425 0.0575 
210 2100002  0 0.905 0.095 
210 2100003  0 0.92 0.08 
210 2100004  1 0.9225 0.0775 
211 2110000  0 0.385 0.615 
211 2110001  1 0.78 0.22 
211 2110002  1 0.5525 0.4475 
211 2110003  0 0.5825 0.4175 
211 2110004  1 0.6 0.4 
212 2120000  0 0.8725 0.1275 
212 2120001  0 0.835 0.165 
212 2120002  0 0.85 0.15 
212 2120003  0 0.855 0.145 
212 2120004  1 0.845 0.155 
213 2130000  1 0.0 1.0 
213 2130001  0 0.7575 0.2425 
213 2130002  1 0.39 0.61 
213 2130003  1 0.37 0.63 
213 2130004  0 0.3675 0.6325 
214 2140000  1 0.8175 0.1825 
214 2140001  0 0.83 0.17 
214 2140002  1 0.815 0.185 
214 2140003  0 0.835 0.165 
214 2140004  1 0.8075 0.1925 
215 2150000  0 0.7325 0.2675 
215 2150001  0 0.655 0.345 
215 2150002  1 0.6925 0.3075 
215 2150003  0 0.68 0.32 
215 2150004  0 0.6875 0.3125 
216 2160000  0 0.8925 0.1075 
216 2160001  0 0.8775 0.1225 
216 2160002  1 0.895 0.105 
216 2160003  0 0.895 0.105 
216 2160004  1 0.89 0.11 
217 2170000  1 0.915 0.085 
217 2170001  1 0.5825 0.4175 
217 2170002  1 0.755 0.245 
217 2170003  0 0.74 0.26 
217 2170004  0 0.7425 0.2575 
218 2180000  0 0.7975 0.2025 
218 2180001  0 0.0 1.0 
218 2180002  0 0.4 0.6 
218 2180003  1 0.405 0.595 
218 2180004  0 0.3925 0.6075 
219 2190000  0 0.815 0.185 
219 2190001  0 0.8475 0.1525 
219 2190002  0 0.825 0.175 
219 2190003  1 0.8025 0.1975 
219 2190004  0 0.8275 0.1725 
220 2200000  0 0.875 0.125 
220 2200001  0 0.8875 0.1125 
220 2200002  1 0.875 0.125 
220 2200003  1 0.88 0.12 
220 2200004  1 0.875 0.125 
221 2210000  0 0.9075 0.0925 
221 2210001  1 0.8725 0.1275 
221 2210002  0 0.885 0.115 
221 2210003  0 0.895 0.105 
221 2210004  1 0.8975 0.1025 
222 2220000  1 0.8425 0.1575 
222 2220001  1 0.895 0.105 
222 2220002  1 0.8525 0.1475 
222 2220003  0 0.865 0.135 
222 2220004  0 0.88 0.12 
223 2230000  0 0.765 0.235 
223 2230001  0 0.92 0.08 
223 2230002  1 0.8325 0.1675 
223 2230003  1 0.8325 0.1675 
223 2230004  0 0.865 0.135 
224 2240000  0 0.9275 0.0725 
224 2240001  0 0.7025 0.2975 
224 2240002  1 0.815 0.185 
224 2240003  0 0.8 0.2 
224 2240004  1 0.825 0.175 
225 2250000  0 0.4525 0.5475 
225 2250001  0 0.7875 0.2125 
225 2250002  0 0.63 0.37 
225 2250003  1 0.61 0.39 
225 2250004  0 0.6075 0.3925 
226 2260000  1 0.7075 0.2925 
226 2260001  0 0.8275 0.1725 
226 2260002  1 0.7875 0.2125 
226 2260003  0 0.7525 0.2475 
226 2260004  0 0.8025 0.1975 
227 2270000  0 0.775 0.225 
227 2270001  0 0.835 0.165 
227 2270002  0 0.8075 0.1925 
227 2270003  0 0.8275 0.1725 
227 2270004  1 0.8025 0.1975 
228 2280000  1 0.8275 0.1725 
228 2280001  0 0.8275 0.1725 
228 2280002  0 0.84 0.16 
228 2280003  1 0.83 0.17 
228 2280004  0 0.83 0.17 
229 2290000  0 0.81 0.19 
229 2290001  0 0.825 0.175 
229 2290002  1 0.8175 0.1825 
229 2290003  0 0.8125 0.1875 
229 2290004  0 0.8175 0.1825 
230 2300000  0 0.8875 0.1125 
230 2300001  0 0.4975 0.5025 
230 2300002  1 0.695 0.305 
230 2300003  0 0.6725 0.3275 
230 2300004  0 0.67 0.33 
231 2310000  0 0.6475 0.3525 
231 2310001  0 0.915 0.085 
231 2310002  0 0.7625 0.2375 
231 2310003  0 0.7825 0.2175 
231 2310004  1 0.795 0.205 
232 2320000  0 0.885 0.115 
232 2320001  1 0.8975 0.1025 
232 2320002  0 0.905 0.095 
232 2320003  0 0.88 0.12 
232 2320004  1 0.8875 0.1125 
233 2330000  0 0.66 0.34 
233 2330001  1 0.7375 0.2625 
233 2330002  1 0.6925 0.3075 
233 2330003  0 0.7025 0.2975 
233 2330004  0 0.7125 0.2875 
234 2340000  0 0.905 0.095 
234 2340001  1 0.9175 0.0825 
234 2340002  0 0.92 0.08 
234 2340003  1 0.9025 0.0975 
234 2340004  0 0.92 0.08 
235 2350000  0 0.805 0.195 
235 2350001  0 0.805 0.195 
235 2350002  1 0.8 0.2 
235 2350003  0 0.8075 0.1925 
235 2350004  1 0.8025 0.1975 
236 2360000  1 0.905 0.095 
236 2360001  0 0.895 0.105 
236 2360002  0 0.9125 0.0875 
236 2360003  0 0.89 0.11 
236 2360004  1 0.905 0.095 
237 2370000  0 0.915 0.085 
237 2370001  0 0.83 0.17 
237 2370002  1 0.87 0.13 
237 2370003  0 0.8675 0.1325 
237 2370004  0 0.8625 0.1375 
238 2380000  1 0.4525 0.5475 
238 2380001  0 0.79 0.21 
238 2380002  0 0.63 0.37 
238 2380003  0 0.625 0.375 
238 2380004  1 0.61 0.39 
239 2390000  0 0.875 0.125 
239 2390001  0 0.89 0.11 
239 2390002  0 0.8675 0.1325 
239 2390003  0 0.8775 0.1225 
239 2390004  1 0.8825 0.1175 
240 2400000  1 0.63 0.37 
240 2400001  0 0.9175 0.0825 
240 2400002  0 0.7625 0.2375 
240 2400003  0 0.79 0.21 
240 2400004  1 0.7575 0.2425 
241 2410000  0 0.8575 0.1425 
241 2410001  0 0.8025 0.1975 
241 2410002  0 0.835 0.165 
241 2410003  1 0.8625 0.1375 
241 2410004  1 0.8175 0.1825 
242 2420000  1 0.8225 0.1775 
242 2420001  0 0.8575 0.1425 
242 2420002  0 0.835 0.165 
242 2420003  0 0.8275 0.1725 
242 2420004  1 0.835 0.165 
243 2430000  0 0.845 0.155 
243 2430001  0 0.9025 0.0975 
243 2430002  0 0.895 0.105 
243 2430003  0 0.88 0.12 
243 2430004  1 0.8675 0.1325 
244 2440000  1 0.84 0.16 
244 2440001  1 0.8025 0.1975 
244 2440002  0 0.8325 0.1675 
244 2440003  0 0.8175 0.1825 
244 2440004  1 0.8225 0.1775 
245 2450000  0 0.8425 0.1575 
245 2450001  0 0.8675 0.1325 
245 2450002  0 0.875 0.125 
245 2450003  1 0.8425 0.1575 
245 2450004  0 0.855 0.145 
246 2460000  0 0.8725 0.1275 
246 2460001  1 0.7925 0.2075 
246 2460002  1 0.82 0.18 
246 2460003  0 0.8175 0.1825 
246 2460004  0 0.83 0.17 
247 2470000  0 0.85 0.15 
247 2470001  0 0.705 0.295 
247 2470002  1 0.7825 0.2175 
247 2470003  1 0.7925 0.2075 
247 2470004  0 0.795 0.205 
248 2480000  0 0.8725 0.1275 
248 2480001  0 0.855 0.145 
248 2480002  1 0.86 0.14 
248 2480003  0 0.855 0.145 
248 2480004  0 0.8525 0.1475 
249 2490000  0 0.83 0.17 
249 2490001  1 0.915 0.085 
249 2490002  0 0.87 0.13 
249 2490003  1 0.8625 0.1375 
249 2490004  0 0.8725 0.1275 
250 2500000  0 0.89 0.11 
250 2500001  0 0.7325 0.2675 
250 2500002  0 0.85 0.15 
250 2500003  0 0.7975 0.2025 
250 2500004  1 0.805 0.195 
251 2510000  1 0.935 0.065 
251 2510001  1 0.875 0.125 
251 2510002  0 0.9125 0.0875 
251 2510003  1 0.9125 0.0875 
251 2510004  0 0.91 0.09 
252 2520000  0 0.8625 0.1375 
252 2520001  0 0.8875 0.1125 
252 2520002  1 0.8975 0.1025 
252 2520003  0 0.8675 0.1325 
252 2520004  0 0.8925 0.1075 
253 2530000  1 0.805 0.195 
253 2530001  0 0.9 0.1 
253 2530002  1 0.86 0.14 
253 2530003  0 0.855 0.145 
253 2530004  0 0.8275 0.1725 
254 2540000  0 0.86 0.14 
254 2540001  0 0.8475 0.1525 
254 2540002  0 0.8625 0.1375 
254 2540003  1 0.87 0.13 
254 2540004  0 0.8625 0.1375 
255 2550000  0 0.9225 0.0775 
255 2550001  0 0.6225 0.3775 
255 2550002  0 0.77 0.23 
255 2550003  0 0.7825 0.2175 
255 2550004  1 0.7625 0.2375 
256 2560000  0 0.76 0.24 
256 2560001  0 0.0 1.0 
256 2560002  1 0.3825 0.6175 
256 2560003  1 0.3625 0.6375 
256 2560004  0 0.3775 0.6225 
257 2570000  0 0.8675 0.1325 
257 2570001  0 0.91 0.09 
257 2570002  0 0.8725 0.1275 
257 2570003  1 0.895 0.105 
257 2570004  0 0.8925 0.1075 
258 2580000  0 0.87 0.13 
258 2580001  0 0.895 0.105 
258 2580002  0 0.8825 0.1175 
258 2580003  1 0.8625 0.1375 
258 2580004  0 0.88 0.12 
259 2590000  0 0.88 0.12 
259 2590001  0 0.825 0.175 
259 2590002  0 0.8375 0.1625 
259 2590003  0 0.8525 0.1475 
259 2590004  1 0.84 0.16 
260 2600000  0 0.9275 0.0725 
260 2600001  0 0.9575 0.0425 
260 2600002  0 0.9375 0.0625 
260 2600003  0 0.9375 0.0625 
260 2600004  1 0.945 0.055 
261 2610000  0 0.875 0.125 
261 2610001  0 0.72 0.28 
261 2610002  1 0.795 0.205 
261 2610003  0 0.7725 0.2275 
261 2610004  1 0.8275 0.1725 
262 2620000  0 0.905 0.095 
262 2620001  0 0.87 0.13 
262 2620002  1 0.885 0.115 
262 2620003  0 0.8925 0.1075 
262 2620004  0 0.88 0.12 
263 2630000  0 0.9025 0.0975 
263 2630001  0 0.9025 0.0975 
263 2630002  0 0.895 0.105 
263 2630003  0 0.9125 0.0875 
263 2630004  1 0.895 0.105 
264 2640000  0 0.7925 0.2075 
264 2640001  0 0.6925 0.3075 
264 2640002  1 0.7625 0.2375 
264 2640003  1 0.72 0.28 
264 2640004  0 0.76 0.24 
265 2650000  1 0.895 0.105 
265 2650001  0 0.795 0.205 
265 2650002  0 0.8625 0.1375 
265 2650003  0 0.8325 0.1675 
265 2650004  1 0.8275 0.1725 
266 2660000  0 0.0 1.0 
266 2660001  1 0.84 0.16 
266 2660002  0 0.42 0.58 
266 2660003  0 0.4275 0.5725 
266 2660004  1 0.43 0.57 
267 2670000  0 0.795 0.205 
267 2670001  0 0.8475 0.1525 
267 2670002  1 0.8 0.2 
267 2670003  0 0.8175 0.1825 
267 2670004  0 0.82 0.18 
268 2680000  0 0.95 0.05 
268 2680001  0 0.8 0.2 
268 2680002  1 0.8625 0.1375 
268 2680003  0 0.8775 0.1225 
268 2680004  0 0.8625 0.1375 
269 2690000  0 0.7075 0.2925 
269 2690001  0 0.7675 0.2325 
269 2690002  1 0.7525 0.2475 
269 2690003  0 0.7475 0.2525 
269 2690004  0 0.7325 0.2675 
270 2700000  0 0.8825 0.1175 
270 2700001  1 0.81 0.19 
270 2700002  0 0.85 0.15 
270 2700003  1 0.855 0.145 
270 2700004  0 0.8525 0.1475 
271 2710000  0 0.86 0.14 
271 2710001  0 0.71 0.29 
271 2710002  1 0.7625 0.2375 
271 2710003  1 0.7675 0.2325 
271 2710004  0 0.795 0.205 
272 2720000  0 0.6325 0.3675 
272 2720001  0 0.86 0.14 
272 2720002  0 0.77 0.23 
272 2720003  1 0.755 0.245 
272 2720004  0 0.7625 0.2375 
273 2730000  0 0.825 0.175 
273 2730001  0 0.8175 0.1825 
273 2730002  0 0.8125 0.1875 
273 2730003  1 0.84 0.16 
273 2730004  0 0.84 0.16 
274 2740000  0 0.8925 0.1075 
274 2740001  1 0.8 0.2 
274 2740002  1 0.82 0.18 
274 2740003  0 0.85 0.15 
274 2740004  0 0.855 0.145 
275 2750000  0 0.0 1.0 
275 2750001  0 0.9375 0.0625 
275 2750002  0 0.4725 0.5275 
275 2750003  1 0.46 0.54 
275 2750004  0 0.4625 0.5375 
276 2760000  0 0.615 0.385 
276 2760001  0 0.6275 0.3725 
276 2760002  0 0.6625 0.3375 
276 2760003  1 0.6425 0.3575 
276 2760004  0 0.6125 0.3875 
277 2770000  1 0.8075 0.1925 
277 2770001  0 0.2475 0.7525 
277 2770002  1 0.5275 0.4725 
277 2770003  0 0.54 0.46 
277 2770004  1 0.5275 0.4725 
278 2780000  0 0.8325 0.1675 
278 2780001  0 0.87 0.13 
278 2780002  1 0.8425 0.1575 
278 2780003  0 0.87 0.13 
278 2780004  0 0.8675 0.1325 
279 2790000  1 0.765 0.235 
279 2790001  0 0.8875 0.1125 
279 2790002  0 0.8125 0.1875 
279 2790003  1 0.84 0.16 
279 2790004  0 0.8175 0.1825 
280 2800000  0 0.72 0.28 
280 2800001  0 0.7725 0.2275 
280 2800002  1 0.76 0.24 
280 2800003  0 0.725 0.275 
280 2800004  1 0.74 0.26 
281 2810000  0 0.7975 0.2025 
281 2810001  0 0.0 1.0 
281 2810002  1 0.3925 0.6075 
281 2810003  1 0.4125 0.5875 
281 2810004  1 0.405 0.595 
282 2820000  0 0.685 0.315 
282 2820001  0 0.4875 0.5125 
282 2820002  0 0.595 0.405 
282 2820003  1 0.5925 0.4075 
282 2820004  0 0.5925 0.4075 
283 2830000  0 0.8175 0.1825 
283 2830001  0 0.855 0.145 
283 2830002  0 0.8325 0.1675 
283 2830003  1 0.8625 0.1375 
283 2830004  0 0.855 0.145 
284 2840000  0 0.9125 0.0875 
284 2840001  0 0.84 0.16 
284 2840002  0 0.875 0.125 
284 2840003  1 0.8625 0.1375 
284 2840004  0 0.8875 0.1125 
285 2850000  1 0.91 0.09 
285 2850001  0 0.825 0.175 
285 2850002  0 0.8575 0.1425 
285 2850003  1 0.855 0.145 
285 2850004  0 0.855 0.145 
286 2860000  0 0.82 0.18 
286 2860001  0 0.975 0.025 
286 2860002  0 0.895 0.105 
286 2860003  1 0.905 0.095 
286 2860004  0 0.89 0.11 
287 2870000  0 0.8725 0.1275 
287 2870001  0 0.8675 0.1325 
287 2870002  1 0.87 0.13 
287 2870003  0 0.8675 0.1325 
287 2870004  0 0.875 0.125 
288 2880000  0 0.8725 0.1275 
288 2880001  0 0.8325 0.1675 
288 2880002  0 0.8725 0.1275 
288 2880003  1 0.84 0.16 
288 2880004  0 0.865 0.135 
289 2890000  1 0.855 0.145 
289 2890001  1 0.8575 0.1425 
289 2890002  0 0.8725 0.1275 
289 2890003  1 0.85 0.15 
289 2890004  1 0.865 0.135 
290 2900000  1 0.825 0.175 
290 2900001  0 0.8475 0.1525 
290 2900002  1 0.8575 0.1425 
290 2900003  0 0.845 0.155 
290 2900004  1 0.835 0.165 
291 2910000  0 0.8875 0.1125 
291 2910001  0 0.8725 0.1275 
291 2910002  0 0.8675 0.1325 
291 2910003  1 0.8875 0.1125 
291 2910004  0 0.8775 0.1225 
292 2920000  0 0.71 0.29 
292 2920001  1 0.8425 0.1575 
292 2920002  0 0.7925 0.2075 
292 2920003  1 0.77 0.23 
292 2920004  1 0.7675 0.2325 
293 2930000  0 0.8375 0.1625 
293 2930001  1 0.8 0.2 
293 2930002  0 0.82 0.18 
293 2930003  0 0.7925 0.2075 
293 2930004  1 0.845 0.155 
294 2940000  0 0.89 0.11 
294 2940001  0 0.8925 0.1075 
294 2940002  0 0.875 0.125 
294 2940003  0 0.895 0.105 
294 2940004  1 0.885 0.115 
295 2950000  0 0.695 0.305 
295 2950001  0 0.8225 0.1775 
295 2950002  0 0.76 0.24 
295 2950003  1 0.76 0.24 
295 2950004  1 0.75 0.25 
296 2960000  1 0.7175 0.2825 
296 2960001  0 0.6075 0.3925 
296 2960002  0 0.655 0.345 
296 2960003  1 0.6625 0.3375 
296 2960004  1 0.6475 0.3525 
297 2970000  0 0.8275 0.1725 
297 2970001  0 0.8025 0.1975 
297 2970002  0 0.8225 0.1775 
297 2970003  0 0.7925 0.2075 
297 2970004  1 0.7775 0.2225 
298 2980000  0 0.445 0.555 
298 2980001  0 0.89 0.11 
298 2980002  1 0.72 0.28 
298 2980003  1 0.655 0.345 
298 2980004  0 0.6675 0.3325 
299 2990000  0 0.91 0.09 
299 2990001  0 0.8525 0.1475 
299 2990002  0 0.88 0.12 
299 2990003  1 0.88 0.12 
299 2990004  0 0.875 0.125 
300 3000000  0 0.865 0.135 
300 3000001  0 0.8775 0.1225 
300 3000002  1 0.865 0.135 
300 3000003  0 0.8725 0.1275 
300 3000004  1 0.87 0.13 
301 3010000  1 0.9225 0.0775 
301 3010001  0 0.56 0.44 
301 3010002  1 0.755 0.245 
301 3010003  0 0.775 0.225 
301 3010004  1 0.7275 0.2725 
302 3020000  1 0.95 0.05 
302 3020001  0 0.8175 0.1825 
302 3020002  0 0.88 0.12 
302 3020003  1 0.9 0.1 
302 3020004  0 0.9 0.1 
303 3030000  1 0.815 0.185 
303 3030001  0 0.3425 0.6575 
303 3030002  0 0.55 0.45 
303 3030003  1 0.585 0.415 
303 3030004  0 0.5675 0.4325 
304 3040000  0 0.8325 0.1675 
304 3040001  0 0.715 0.285 
304 3040002  0 0.7825 0.2175 
304 3040003  0 0.7525 0.2475 
304 3040004  1 0.75 0.25 
305 3050000  1 0.92 0.08 
305 3050001  1 0.75 0.25 
305 3050002  0 0.8525 0.1475 
305 3050003  0 0.84 0.16 
305 3050004  1 0.86 0.14 
306 3060000  0 0.845 0.155 
306 3060001  0 0.7 0.3 
306 3060002  1 0.765 0.235 
306 3060003  0 0.8075 0.1925 
306 3060004  1 0.7675 0.2325 
307 3070000  0 0.87 0.13 
307 3070001  0 0.0 1.0 
307 3070002  0 0.44 0.56 
307 3070003  1 0.43 0.57 
307 3070004  0 0.425 0.575 
308 3080000  0 0.85 0.15 
308 3080001  0 0.48 0.52 
308 3080002  0 0.6425 0.3575 
308 3080003  1 0.6825 0.3175 
308 3080004  1 0.6225 0.3775 
309 3090000  0 0.6825 0.3175 
309 3090001  0 0.8975 0.1025 
309 3090002  1 0.7825 0.2175 
309 3090003  0 0.7825 0.2175 
309 3090004  1 0.7925 0.2075 
310 3100000  0 0.8775 0.1225 
310 3100001  1 0.9225 0.0775 
310 3100002  0 0.8825 0.1175 
310 3100003  1 0.8925 0.1075 
310 3100004  0 0.885 0.115 
311 3110000  0 0.775 0.225 
311 3110001  0 0.855 0.145 
311 3110002  1 0.8025 0.1975 
311 3110003  0 0.8175 0.1825 
311 3110004  0 0.82 0.18 
312 3120000  0 0.79 0.21 
312 3120001  0 0.8825 0.1175 
312 3120002  0 0.8325 0.1675 
312 3120003  1 0.8475 0.1525 
312 3120004  0 0.845 0.155 
313 3130000  1 0.665 0.335 
313 3130001  1 0.825 0.175 
313 3130002  1 0.76 0.24 
313 3130003  1 0.72 0.28 
313 3130004  0 0.7475 0.2525 
314 3140000  0 0.7825 0.2175 
314 3140001  0 0.8675 0.1325 
314 3140002  0 0.8175 0.1825 
314 3140003  0 0.8225 0.1775 
314 3140004  1 0.82 0.18 
315 3150000  0 0.4275 0.5725 
315 3150001  0 0.6325 0.3675 
315 3150002  0 0.5525 0.4475 
315 3150003  0 0.5325 0.4675 
315 3150004  1 0.5175 0.4825 
316 3160000  0 0.84 0.16 
316 3160001  1 0.8725 0.1275 
316 3160002  1 0.85 0.15 
316 3160003  0 0.855 0.145 
316 3160004  0 0.8675 0.1325 
317 3170000  1 0.9125 0.0875 
317 3170001  0 0.96 0.04 
317 3170002  1 0.93 0.07 
317 3170003  0 0.9325 0.0675 
317 3170004  0 0.96 0.04 
318 3180000  1 0.595 0.405 
318 3180001  0 0.8275 0.1725 
318 3180002  1 0.6975 0.3025 
318 3180003  0 0.7175 0.2825 
318 3180004  1 0.7175 0.2825 
319 3190000  0 0.8575 0.1425 
319 3190001  0 0.85 0.15 
319 3190002  1 0.835 0.165 
319 3190003  1 0.8675 0.1325 
319 3190004  0 0.85 0.15 
320 3200000  0 0.9075 0.0925 
320 3200001  1 0.87 0.13 
320 3200002  0 0.9 0.1 
320 3200003  0 0.875 0.125 
320 3200004  1 0.88 0.12 
321 3210003  0 0.78 0.22 
322 3220003  0 0.22 0.78 
323 3230003  0 0.8175 0.1825 
324 3240003  0 0.8375 0.1625 
325 3250003  0 0.855 0.145 
326 3260003  0 0.4575 0.5425 
327 3270003  0 0.8675 0.1325 
328 3280003  1 0.8975 0.1025 
329 3290003  0 0.85 0.15 
330 3300003  0 0.6375 0.3625 
331 3310003  0 0.76 0.24 
332 3320003  0 0.93 0.07 
333 3330003  0 0.5725 0.4275 
334 3340003  0 0.8475 0.1525 
335 3350003  0 0.9025 0.0975 
336 3360003  0 0.6425 0.3575 
337 3370003  0 0.865 0.135 
338 3380003  0 0.8025 0.1975 
339 3390003  0 0.8275 0.1725 
340 3400003  0 0.775 0.225 
341 3410003  0 0.8625 0.1375 
342 3420003  0 0.5875 0.4125 
343 3430003  0 0.865 0.135 
344 3440003  0 0.9025 0.0975 
345 3450003  0 0.855 0.145 
346 3460003  1 0.7375 0.2625 
347 3470003  0 0.5775 0.4225 
348 3480003  0 0.7325 0.2675 
349 3490003  0 0.8175 0.1825 
350 3500003  0 0.8025 0.1975 
351 3510003  0 0.7275 0.2725 
352 3520003  0 0.6625 0.3375 
353 3530003  0 0.5675 0.4325 
354 3540003  1 0.85 0.15 
355 3550003  0 0.8225 0.1775 
356 3560003  0 0.7975 0.2025 
357 3570003  0 0.8125 0.1875 
358 3580003  1 0.6925 0.3075 
359 3590003  0 0.77 0.23 
360 3600003  0 0.75 0.25 
361 3610003  0 0.8875 0.1125 
362 3620003  0 0.73 0.27 
363 3630003  0 0.5775 0.4225 
364 3640003  0 0.8225 0.1775 
365 3650003  0 0.8725 0.1275 
366 3660003  0 0.825 0.175 
367 3670003  0 0.8875 0.1125 
368 3680003  0 0.85 0.15 
369 3690003  0 0.865 0.135 
370 3700003  1 0.8875 0.1125 
371 3710003  0 0.715 0.285 
372 3720003  0 0.4025 0.5975 
373 3730003  0 0.7975 0.2025 
374 3740003  1 0.6675 0.3325 
375 3750003  0 0.79 0.21 
376 3760003  0 0.6575 0.3425 
377 3770003  1 0.8 0.2 
378 3780003  1 0.765 0.235 
379 3790003  0 0.64 0.36 
380 3800003  0 0.56 0.44 
381 3810003  1 0.8675 0.1325 
382 3820003  1 0.8475 0.1525 
383 3830003  0 0.8075 0.1925 
384 3840003  0 0.8 0.2 
385 3850003  1 0.885 0.115 
386 3860003  0 0.825 0.175 
387 3870003  1 0.8425 0.1575 
388 3880003  0 0.7175 0.2825 
389 3890003  0 0.5975 0.4025 
390 3900003  0 0.8875 0.1125 
391 3910003  0 0.8125 0.1875 
392 3920003  0 0.7675 0.2325 
393 3930003  0 0.6675 0.3325 
394 3940003  0 0.85 0.15 
395 3950003  0 0.905 0.095 
396 3960003  0 0.595 0.405 
397 3970003  0 0.92 0.08 
398 3980003  0 0.8275 0.1725 
399 3990003  1 0.8025 0.1975 
400 4000003  0 0.82 0.18 
401 4010003  0 0.8775 0.1225 
402 4020003  0 0.9025 0.0975 
403 4030003  0 0.88 0.12 
404 4040003  0 0.42 0.58 
405 4050003  0 0.905 0.095 
406 4060003  0 0.8325 0.1675 
407 4070003  1 0.7875 0.2125 
408 4080003  0 0.7875 0.2125 
409 4090003  1 0.74 0.26 
410 4100003  0 0.7225 0.2775 
411 4110003  0 0.86 0.14 
412 4120003  0 0.8375 0.1625 
413 4130003  0 0.8775 0.1225 
414 4140003  0 0.6775 0.3225 
415 4150003  1 0.8125 0.1875 
416 4160003  1 0.815 0.185 
417 4170003  0 0.6675 0.3325 
418 4180003  1 0.77 0.23 
419 4190003  0 0.71 0.29 
420 4200003  0 0.7725 0.2275 
421 4210003  0 0.8225 0.1775 
422 4220003  0 0.9425 0.0575 
423 4230003  0 0.845 0.155 
424 4240003  0 0.8475 0.1525 
425 4250003  1 0.805 0.195 
426 4260003  0 0.9175 0.0825 
427 4270003  0 0.6975 0.3025 
428 4280003  0 0.775 0.225 
429 4290003  1 0.6625 0.3375 
430 4300003  0 0.615 0.385 
431 4310003  0 0.755 0.245 
432 4320003  1 0.8175 0.1825 
433 4330003  1 0.375 0.625 
434 4340003  0 0.765 0.235 
435 4350003  0 0.795 0.205 
436 4360003  0 0.82 0.18 
437 4370003  0 0.82 0.18 
438 4380003  0 0.8525 0.1475 
439 4390003  0 0.835 0.165 
440 4400003  0 0.795 0.205 
441 4410003  0 0.83 0.17 
442 4420003  0 0.785 0.215 
443 4430003  0 0.535 0.465 
444 4440003  0 0.8275 0.1725 
445 4450003  1 0.92 0.08 
446 4460003  0 0.745 0.255 
447 4470003  0 0.41 0.59 
448 4480003  0 0.55 0.45 
449 4490003  0 0.6225 0.3775 
450 4500003  0 0.8975 0.1025 
451 4510003  1 0.7425 0.2575 
452 4520003  0 0.9025 0.0975 
453 4530003  0 0.6775 0.3225 
454 4540003  0 0.8875 0.1125 
455 4550003  0 0.7975 0.2025 
456 4560003  1 0.8775 0.1225 
457 4570003  0 0.875 0.125 
458 4580003  1 0.88 0.12 
459 4590003  0 0.9025 0.0975 
460 4600003  0 0.845 0.155 
461 4610003  1 0.835 0.165 
462 4620003  0 0.605 0.395 
463 4630003  1 0.7475 0.2525 
464 4640003  0 0.635 0.365 
465 4650003  0 0.86 0.14 
466 4660003  1 0.72 0.28 
467 4670003  0 0.88 0.12 
468 4680003  0 0.8775 0.1225 
469 4690003  0 0.4575 0.5425 
470 4700003  1 0.855 0.145 
471 4710003  0 0.8325 0.1675 
472 4720003  0 0.815 0.185 
473 4730003  1 0.6825 0.3175 
474 4740003  0 0.8675 0.1325 
475 4750003  0 0.72 0.28 
476 4760003  0 0.87 0.13 
477 4770003  0 0.8825 0.1175 
478 4780003  0 0.785 0.215 
479 4790003  0 0.8775 0.1225 
480 4800003  0 0.825 0.175 
481 4810003  0 0.8725 0.1275 
482 4820003  0 0.84 0.16 
483 4830003  0 0.745 0.255 
484 4840003  1 0.635 0.365 
485 4850003  0 0.6775 0.3225 
486 4860003  0 0.82 0.18 
487 4870003  0 0.8875 0.1125 
488 4880003  1 0.85 0.15 
489 4890003  0 0.8975 0.1025 
490 4900003  0 0.915 0.085 
491 4910003  0 0.85 0.15 
492 4920003  0 0.855 0.145 
493 4930003  1 0.795 0.205 
494 4940003  0 0.6575 0.3425 
495 4950003  1 0.44 0.56 
496 4960003  0 0.8275 0.1725 
497 4970003  0 0.6625 0.3375 
498 4980003  0 0.81 0.19 
499 4990003  1 0.775 0.225 
500 5000003  0 0.8425 0.1575 
501 5010003  0 0.915 0.085 
502 5020003  1 0.885 0.115 
503 5030003  0 0.8575 0.1425 
504 5040003  1 0.8775 0.1225 
505 5050003  0 0.65 0.35 
506 5060003  1 0.83 0.17 
507 5070003  0 0.655 0.345 
508 5080003  1 0.775 0.225 
509 5090003  0 0.74 0.26 
510 5100003  1 0.7675 0.2325 
511 5110003  0 0.825 0.175 
512 5120003  0 0.87 0.13 
513 5130003  0 0.795 0.205 
514 5140003  0 0.9075 0.0925 
515 5150003  0 0.825 0.175 
516 5160003  0 0.4425 0.5575 
517 5170003  0 0.8475 0.1525 
518 5180003  1 0.8175 0.1825 
519 5190003  0 0.445 0.555 
520 5200003  0 0.905 0.095 
521 5210003  0 0.65 0.35 
522 5220003  0 0.8975 0.1025 
523 5230003  0 0.6425 0.3575 
524 5240003  1 0.9275 0.0725 
525 5250003  0 0.885 0.115 
526 5260003  0 0.59 0.41 
527 5270003  0 0.8825 0.1175 
528 5280003  1 0.905 0.095 
529 5290003  1 0.84 0.16 
530 5300003  0 0.8575 0.1425 
531 5310003  0 0.7025 0.2975 
532 5320003  0 0.62 0.38 
533 5330003  1 0.74 0.26 
534 5340003  0 0.9 0.1 
535 5350003  0 0.8375 0.1625 
536 5360003  0 0.78 0.22 
537 5370003  0 0.93 0.07 
538 5380003  1 0.9 0.1 
539 5390003  0 0.6375 0.3625 
540 5400003  0 0.84 0.16 
541 5410003  0 0.6575 0.3425 
542 5420003  0 0.84 0.16 
543 5430003  0 0.5875 0.4125 
544 5440003  0 0.92 0.08 
545 5450003  0 0.8925 0.1075 
546 5460003  0 0.6325 0.3675 
547 5470003  0 0.8575 0.1425 
548 5480003  1 0.2125 0.7875 
549 5490003  0 0.8425 0.1575 
550 5500003  0 0.93 0.07 
551 5510003  0 0.7775 0.2225 
552 5520003  0 0.7525 0.2475 
553 5530003  0 0.655 0.345 
554 5540003  0 0.775 0.225 
555 5550003  0 0.8375 0.1625 
556 5560003  0 0.6575 0.3425 
557 5570003  0 0.895 0.105 
558 5580003  1 0.6575 0.3425 
559 5590003  0 0.8625 0.1375 
560 5600003  0 0.7825 0.2175 
561 5610003  1 0.7425 0.2575 
562 5620003  0 0.8 0.2 
563 5630003  0 0.79 0.21 
564 5640003  0 0.8925 0.1075 
565 5650003  1 0.845 0.155 
566 5660003  0 0.7275 0.2725 
567 5670003  1 0.8475 0.1525 
568 5680003  0 0.81 0.19 
569 5690003  1 0.8725 0.1275 
570 5700003  1 0.4375 0.5625 
571 5710003  0 0.8825 0.1175 
572 5720003  1 0.83 0.17 
573 5730003  0 0.8675 0.1325 
574 5740003  1 0.8675 0.1325 
575 5750003  0 0.77 0.23 
576 5760003  0 0.86 0.14 
577 5770003  1 0.9275 0.0725 
578 5780003  1 0.435 0.565 
579 5790003  1 0.7625 0.2375 
580 5800003  1 0.76 0.24 
581 5810003  1 0.8975 0.1025 
582 5820003  1 0.8925 0.1075 
583 5830003  1 0.845 0.155 
584 5840003  1 0.7925 0.2075 
585 5850003  1 0.89 0.11 
586 5860003  1 0.8225 0.1775 
587 5870003  1 0.9475 0.0525 
588 5880003  1 0.9075 0.0925 
589 5890003  1 0.645 0.355 
590 5900003  1 0.7425 0.2575 
591 5910003  1 0.85 0.15 
592 5920003  1 0.8175 0.1825 
593 5930003  1 0.9 0.1 
594 5940003  1 0.8925 0.1075 
595 5950003  1 0.8775 0.1225 
596 5960003  1 0.9025 0.0975 
597 5970003  1 0.815 0.185 
598 5980003  1 0.755 0.245 
599 5990003  1 0.815 0.185 
600 6000003  1 0.8 0.2 
601 6010003  1 0.8925 0.1075 
602 6020003  1 0.875 0.125 
603 6030003  1 0.6925 0.3075 
604 6040003  1 0.4275 0.5725 
605 6050003  1 0.6825 0.3175 
606 6060003  1 0.805 0.195 
607 6070003  1 0.855 0.145 
608 6080003  1 0.8225 0.1775 
609 6090003  1 0.9125 0.0875 
610 6100003  1 0.7575 0.2425 
611 6110003  1 0.8775 0.1225 
612 6120003  1 0.8675 0.1325 
613 6130003  1 0.92 0.08 
614 6140003  1 0.775 0.225 
615 6150003  1 0.84 0.16 
616 6160003  1 0.8775 0.1225 
617 6170003  1 0.4425 0.5575 
618 6180003  1 0.82 0.18 
619 6190003  1 0.8875 0.1125 
620 6200003  1 0.755 0.245 
621 6210003  1 0.87 0.13 
622 6220003  1 0.7125 0.2875 
623 6230003  1 0.655 0.345 
624 6240003  1 0.7075 0.2925 
625 6250003  1 0.79 0.21 
626 6260003  1 0.565 0.435 
627 6270003  1 0.8825 0.1175 
628 6280003  1 0.8075 0.1925 
629 6290003  1 0.6475 0.3525 
630 6300003  1 0.8625 0.1375 
631 6310003  1 0.89 0.11 
632 6320003  1 0.7925 0.2075 
633 6330003  1 0.8425 0.1575 
634 6340003  1 0.7975 0.2025 
635 6350003  1 0.8125 0.1875 
636 6360003  1 0.875 0.125 
637 6370003  1 0.815 0.185 
638 6380003  1 0.845 0.155 
639 6390003  1 0.725 0.275 
640 6400003  1 0.8225 0.1775 
641 6410003  1 0.8225 0.1775 
642 6420003  1 0.8725 0.1275 
643 6430003  1 0.88 0.12 
644 6440003  1 0.725 0.275 
645 6450003  1 0.6725 0.3275 
646 6460003  1 0.755 0.245 
647 6470003  1 0.835 0.165 
648 6480003  1 0.7875 0.2125 
649 6490003  1 0.71 0.29 
650 6500003  1 0.825 0.175 
651 6510003  1 0.905 0.095 
652 6520003  1 0.8675 0.1325 
653 6530003  1 0.73 0.27 
654 6540003  1 0.895 0.105 
655 6550003  1 0.7825 0.2175 
656 6560003  1 0.8175 0.1825 
657 6570003  1 0.705 0.295 
658 6580003  1 0.855 0.145 
659 6590003  1 0.615 0.385 
660 6600003  1 0.7075 0.2925 
661 6610003  1 0.785 0.215 
662 6620003  1 0.8425 0.1575 
663 6630003  1 0.85 0.15 
664 6640003  1 0.8875 0.1125 
665 6650003  1 0.3825 0.6175 
666 6660003  1 0.6075 0.3925 
667 6670003  1 0.7325 0.2675 
668 6680003  1 0.8 0.2 
669 6690003  1 0.79 0.21 
670 6700003  1 0.625 0.375 
671 6710003  1 0.795 0.205 
672 6720003  1 0.845 0.155 
673 6730003  1 0.925 0.075 
674 6740003  1 0.725 0.275 
675 6750003  1 0.53 0.47 
676 6760003  1 0.7475 0.2525 
677 6770003  1 0.84 0.16 
678 6780003  1 0.8425 0.1575 
679 6790003  1 0.47 0.53 
680 6800003  1 0.8325 0.1675 
681 6810003  1 0.82 0.18 
682 6820003  1 0.75 0.25 
683 6830003  1 0.735 0.265 
684 6840003  1 0.58 0.42 
685 6850003  1 0.8575 0.1425 
686 6860003  1 0.79 0.21 
687 6870003  1 0.7525 0.2475 
688 6880003  1 0.8025 0.1975 
689 6890003  1 0.75 0.25 
690 6900003  1 0.8125 0.1875 
691 6910003  1 0.825 0.175 
692 6920003  1 0.6675 0.3325 
693 6930003  1 0.8625 0.1375 
694 6940003  1 0.435 0.565 
695 6950003  1 0.8075 0.1925 
696 6960003  1 0.7025 0.2975 
697 6970003  1 0.885 0.115 
698 6980003  1 0.8225 0.1775 
699 6990003  1 0.5875 0.4125 
700 7000003  1 0.745 0.255 
701 7010003  1 0.8825 0.1175 
702 7020003  1 0.7875 0.2125 
703 7030003  1 0.88 0.12 
704 7040003  1 0.8975 0.1025 
705 7050003  1 0.435 0.565 
706 7060003  1 0.84 0.16 
707 7070003  1 0.8975 0.1025 
708 7080003  1 0.86 0.14 
709 7090003  1 0.685 0.315 
710 7100003  1 0.815 0.185 
711 7110003  1 0.75 0.25 
712 7120003  1 0.91 0.09 
713 7130003  1 0.8625 0.1375 
714 7140003  1 0.7025 0.2975 
715 7150003  1 0.8775 0.1225 
716 7160003  1 0.6325 0.3675 
717 7170003  1 0.8025 0.1975 
718 7180003  1 0.7575 0.2425 
719 7190003  1 0.33 0.67 
720 7200003  1 0.76 0.24 
