FID ID phe0 phe1 phe2 
1 10000  0 0.8875 0.1125 
1 10001  0 0.875 0.125 
1 10002  0 0.87 0.13 
1 10003  1 0.88 0.12 
2 20000  0 0.6325 0.3675 
2 20001  0 0.69 0.31 
2 20002  1 0.675 0.325 
2 20003  0 0.6625 0.3375 
3 30000  0 0.865 0.135 
3 30001  0 0.8025 0.1975 
3 30002  1 0.82 0.18 
3 30003  0 0.825 0.175 
4 40000  1 0.7725 0.2275 
4 40001  1 0.76 0.24 
4 40002  0 0.74 0.26 
4 40003  1 0.765 0.235 
5 50000  0 0.805 0.195 
5 50001  0 0.77 0.23 
5 50002  0 0.7825 0.2175 
5 50003  1 0.8 0.2 
6 60000  1 0.9025 0.0975 
6 60001  1 0.9025 0.0975 
6 60002  0 0.8825 0.1175 
6 60003  1 0.905 0.095 
7 70000  0 0.865 0.135 
7 70001  0 0.9 0.1 
7 70002  1 0.8825 0.1175 
7 70003  0 0.8725 0.1275 
8 80000  0 0.8675 0.1325 
8 80001  0 0.3825 0.6175 
8 80002  0 0.6575 0.3425 
8 80003  1 0.6025 0.3975 
9 90000  0 0.9 0.1 
9 90001  0 0.5375 0.4625 
9 90002  1 0.7125 0.2875 
9 90003  0 0.7125 0.2875 
10 100000  0 0.7025 0.2975 
10 100001  0 0.92 0.08 
10 100002  0 0.81 0.19 
10 100003  1 0.8075 0.1925 
11 110000  0 0.845 0.155 
11 110001  0 0.85 0.15 
11 110002  0 0.835 0.165 
11 110003  1 0.8525 0.1475 
12 120000  0 0.67 0.33 
12 120001  0 0.8975 0.1025 
12 120002  1 0.79 0.21 
12 120003  0 0.7975 0.2025 
13 130000  0 0.87 0.13 
13 130001  0 0.8975 0.1025 
13 130002  1 0.8825 0.1175 
13 130003  0 0.8575 0.1425 
14 140000  0 0.895 0.105 
14 140001  0 0.8975 0.1025 
14 140002  1 0.885 0.115 
14 140003  0 0.9 0.1 
15 150000  1 0.74 0.26 
15 150001  0 0.8275 0.1725 
15 150002  0 0.79 0.21 
15 150003  1 0.765 0.235 
16 160000  0 0.875 0.125 
16 160001  1 0.87 0.13 
16 160002  1 0.8775 0.1225 
16 160003  0 0.8575 0.1425 
17 170000  0 0.8875 0.1125 
17 170001  0 0.74 0.26 
17 170002  0 0.7975 0.2025 
17 170003  1 0.805 0.195 
18 180000  1 0.775 0.225 
18 180001  0 0.805 0.195 
18 180002  0 0.7975 0.2025 
18 180003  1 0.785 0.215 
19 190000  0 0.6975 0.3025 
19 190001  0 0.8625 0.1375 
19 190002  1 0.775 0.225 
19 190003  0 0.7825 0.2175 
20 200000  0 0.9275 0.0725 
20 200001  0 0.86 0.14 
20 200002  1 0.9025 0.0975 
20 200003  0 0.8925 0.1075 
21 210000  0 0.7025 0.2975 
21 210001  0 0.89 0.11 
21 210002  0 0.7825 0.2175 
21 210003  1 0.8025 0.1975 
22 220000  0 0.725 0.275 
22 220001  1 0.8275 0.1725 
22 220002  0 0.7825 0.2175 
22 220003  1 0.8025 0.1975 
23 230000  0 0.855 0.145 
23 230001  0 0.84 0.16 
23 230002  1 0.845 0.155 
23 230003  0 0.8275 0.1725 
24 240000  0 0.4425 0.5575 
24 240001  0 0.92 0.08 
24 240002  0 0.66 0.34 
24 240003  1 0.66 0.34 
25 250000  1 0.625 0.375 
25 250001  0 0.84 0.16 
25 250002  0 0.7475 0.2525 
25 250003  1 0.7275 0.2725 
26 260000  0 0.925 0.075 
26 260001  0 0.8375 0.1625 
26 260002  0 0.8875 0.1125 
26 260003  1 0.8825 0.1175 
27 270000  1 0.725 0.275 
27 270001  0 0.8375 0.1625 
27 270002  1 0.7825 0.2175 
27 270003  0 0.7825 0.2175 
28 280000  0 0.86 0.14 
28 280001  1 0.81 0.19 
28 280002  1 0.855 0.145 
28 280003  0 0.83 0.17 
29 290000  0 0.445 0.555 
29 290001  0 0.8025 0.1975 
29 290002  1 0.6325 0.3675 
29 290003  0 0.6075 0.3925 
30 300000  0 0.6675 0.3325 
30 300001  0 0.5525 0.4475 
30 300002  1 0.605 0.395 
30 300003  0 0.6225 0.3775 
31 310000  0 0.8775 0.1225 
31 310001  0 0.8475 0.1525 
31 310002  0 0.8675 0.1325 
31 310003  1 0.855 0.145 
32 320000  0 0.4825 0.5175 
32 320001  0 0.7 0.3 
32 320002  0 0.61 0.39 
32 320003  1 0.5775 0.4225 
33 330000  0 0.3575 0.6425 
33 330001  0 0.68 0.32 
33 330002  0 0.5225 0.4775 
33 330003  1 0.52 0.48 
34 340000  1 0.8975 0.1025 
34 340001  0 0.875 0.125 
34 340002  0 0.89 0.11 
34 340003  1 0.8975 0.1025 
35 350000  0 0.685 0.315 
35 350001  0 0.835 0.165 
35 350002  1 0.745 0.255 
35 350003  0 0.745 0.255 
36 360000  0 0.7 0.3 
36 360001  0 0.705 0.295 
36 360002  1 0.6925 0.3075 
36 360003  0 0.695 0.305 
37 370000  1 0.64 0.36 
37 370001  0 0.7725 0.2275 
37 370002  1 0.685 0.315 
37 370003  0 0.705 0.295 
38 380000  0 0.9275 0.0725 
38 380001  0 0.8425 0.1575 
38 380002  1 0.89 0.11 
38 380003  0 0.895 0.105 
39 390000  0 0.84 0.16 
39 390001  0 0.8875 0.1125 
39 390002  1 0.8775 0.1225 
39 390003  0 0.8725 0.1275 
40 400000  0 0.71 0.29 
40 400001  1 0.9325 0.0675 
40 400002  0 0.8225 0.1775 
40 400003  1 0.8225 0.1775 
41 410000  0 0.86 0.14 
41 410001  0 0.4575 0.5425 
41 410002  0 0.6775 0.3225 
41 410003  1 0.6775 0.3225 
42 420000  0 0.7725 0.2275 
42 420001  1 0.45 0.55 
42 420002  1 0.62 0.38 
42 420003  0 0.5925 0.4075 
43 430000  1 0.8875 0.1125 
43 430001  0 0.8975 0.1025 
43 430002  1 0.8775 0.1225 
43 430003  0 0.91 0.09 
44 440000  0 0.8925 0.1075 
44 440001  0 0.8375 0.1625 
44 440002  1 0.85 0.15 
44 440003  0 0.8575 0.1425 
45 450000  1 0.8225 0.1775 
45 450001  0 0.79 0.21 
45 450002  0 0.815 0.185 
45 450003  1 0.8075 0.1925 
46 460000  0 0.7325 0.2675 
46 460001  0 0.8475 0.1525 
46 460002  1 0.7975 0.2025 
46 460003  0 0.7975 0.2025 
47 470000  1 0.5975 0.4025 
47 470001  0 0.435 0.565 
47 470002  0 0.535 0.465 
47 470003  1 0.575 0.425 
48 480000  0 0.8675 0.1325 
48 480001  0 0.8975 0.1025 
48 480002  0 0.8775 0.1225 
48 480003  1 0.875 0.125 
49 490000  0 0.8925 0.1075 
49 490001  1 0.9225 0.0775 
49 490002  1 0.9125 0.0875 
49 490003  0 0.8975 0.1025 
50 500000  0 0.825 0.175 
50 500001  1 0.545 0.455 
50 500002  1 0.665 0.335 
50 500003  0 0.6925 0.3075 
51 510000  0 0.8575 0.1425 
51 510001  0 0.4575 0.5425 
51 510002  1 0.6575 0.3425 
51 510003  0 0.6325 0.3675 
52 520000  0 0.9225 0.0775 
52 520001  0 0.835 0.165 
52 520002  1 0.8975 0.1025 
52 520003  0 0.855 0.145 
53 530000  0 0.8 0.2 
53 530001  0 0.7625 0.2375 
53 530002  1 0.76 0.24 
53 530003  0 0.725 0.275 
54 540000  0 0.895 0.105 
54 540001  0 0.9075 0.0925 
54 540002  1 0.9125 0.0875 
54 540003  0 0.89 0.11 
55 550000  0 0.705 0.295 
55 550001  1 0.775 0.225 
55 550002  0 0.7075 0.2925 
55 550003  1 0.765 0.235 
56 560000  0 0.9 0.1 
56 560001  1 0.9325 0.0675 
56 560002  0 0.915 0.085 
56 560003  1 0.93 0.07 
57 570000  1 0.6925 0.3075 
57 570001  1 0.68 0.32 
57 570002  0 0.7 0.3 
57 570003  1 0.6825 0.3175 
58 580000  0 0.9 0.1 
58 580001  0 0.875 0.125 
58 580002  0 0.8825 0.1175 
58 580003  1 0.8825 0.1175 
59 590000  0 0.8125 0.1875 
59 590001  0 0.875 0.125 
59 590002  1 0.8375 0.1625 
59 590003  0 0.84 0.16 
60 600000  1 0.8325 0.1675 
60 600001  0 0.8325 0.1675 
60 600002  0 0.8 0.2 
60 600003  1 0.8325 0.1675 
61 610000  0 0.705 0.295 
61 610001  0 0.8675 0.1325 
61 610002  0 0.7825 0.2175 
61 610003  1 0.79 0.21 
62 620000  0 0.4625 0.5375 
62 620001  0 0.87 0.13 
62 620002  1 0.69 0.31 
62 620003  0 0.67 0.33 
63 630000  1 0.9075 0.0925 
63 630001  0 0.745 0.255 
63 630002  1 0.8475 0.1525 
63 630003  0 0.835 0.165 
64 640000  1 0.855 0.145 
64 640001  0 0.81 0.19 
64 640002  0 0.82 0.18 
64 640003  1 0.8375 0.1625 
65 650000  1 0.475 0.525 
65 650001  0 0.9075 0.0925 
65 650002  1 0.705 0.295 
65 650003  0 0.695 0.305 
66 660000  0 0.745 0.255 
66 660001  0 0.865 0.135 
66 660002  1 0.795 0.205 
66 660003  0 0.8 0.2 
67 670000  1 0.8925 0.1075 
67 670001  0 0.8825 0.1175 
67 670002  1 0.9 0.1 
67 670003  0 0.8925 0.1075 
68 680000  0 0.895 0.105 
68 680001  0 0.9025 0.0975 
68 680002  1 0.915 0.085 
68 680003  0 0.895 0.105 
69 690000  1 0.41 0.59 
69 690001  0 0.89 0.11 
69 690002  0 0.655 0.345 
69 690003  1 0.6475 0.3525 
70 700000  0 0.7725 0.2275 
70 700001  1 0.7175 0.2825 
70 700002  0 0.7375 0.2625 
70 700003  1 0.755 0.245 
71 710000  0 0.0 1.0 
71 710001  1 0.7925 0.2075 
71 710002  0 0.395 0.605 
71 710003  1 0.3975 0.6025 
72 720000  0 0.6975 0.3025 
72 720001  0 0.745 0.255 
72 720002  1 0.7125 0.2875 
72 720003  0 0.725 0.275 
73 730000  0 0.8325 0.1675 
73 730001  0 0.835 0.165 
73 730002  0 0.8425 0.1575 
73 730003  1 0.825 0.175 
74 740000  1 0.61 0.39 
74 740001  0 0.9625 0.0375 
74 740002  0 0.7775 0.2225 
74 740003  1 0.8 0.2 
75 750000  0 0.865 0.135 
75 750001  0 0.84 0.16 
75 750002  0 0.8875 0.1125 
75 750003  1 0.875 0.125 
76 760000  0 0.775 0.225 
76 760001  0 0.86 0.14 
76 760002  1 0.8275 0.1725 
76 760003  0 0.7875 0.2125 
77 770000  1 0.86 0.14 
77 770001  0 0.675 0.325 
77 770002  0 0.735 0.265 
77 770003  1 0.765 0.235 
78 780000  1 0.895 0.105 
78 780001  1 0.645 0.355 
78 780002  0 0.77 0.23 
78 780003  1 0.7725 0.2275 
79 790000  1 0.5675 0.4325 
79 790001  0 0.85 0.15 
79 790002  0 0.6975 0.3025 
79 790003  1 0.7 0.3 
80 800000  0 0.85 0.15 
80 800001  0 0.9 0.1 
80 800002  0 0.875 0.125 
80 800003  1 0.8775 0.1225 
81 810000  0 0.6275 0.3725 
81 810001  0 0.0 1.0 
81 810002  0 0.3125 0.6875 
81 810003  1 0.3325 0.6675 
82 820000  0 0.8875 0.1125 
82 820001  0 0.3875 0.6125 
82 820002  0 0.6225 0.3775 
82 820003  1 0.6175 0.3825 
83 830000  1 0.845 0.155 
83 830001  1 0.7825 0.2175 
83 830002  1 0.805 0.195 
83 830003  0 0.805 0.195 
84 840000  0 0.725 0.275 
84 840001  0 0.88 0.12 
84 840002  1 0.79 0.21 
84 840003  0 0.7925 0.2075 
85 850000  0 0.73 0.27 
85 850001  0 0.7425 0.2575 
85 850002  1 0.725 0.275 
85 850003  0 0.7425 0.2575 
86 860000  1 0.8375 0.1625 
86 860001  1 0.865 0.135 
86 860002  0 0.85 0.15 
86 860003  1 0.8375 0.1625 
87 870000  1 0.86 0.14 
87 870001  0 0.755 0.245 
87 870002  0 0.815 0.185 
87 870003  1 0.8075 0.1925 
88 880000  0 0.6175 0.3825 
88 880001  0 0.8075 0.1925 
88 880002  1 0.72 0.28 
88 880003  0 0.695 0.305 
89 890000  0 0.91 0.09 
89 890001  0 0.8675 0.1325 
89 890002  0 0.9 0.1 
89 890003  1 0.8775 0.1225 
90 900000  0 0.675 0.325 
90 900001  0 0.8875 0.1125 
90 900002  1 0.7725 0.2275 
90 900003  0 0.785 0.215 
91 910000  0 0.8925 0.1075 
91 910001  0 0.895 0.105 
91 910002  1 0.8825 0.1175 
91 910003  0 0.9025 0.0975 
92 920000  0 0.815 0.185 
92 920001  0 0.5775 0.4225 
92 920002  0 0.705 0.295 
92 920003  1 0.675 0.325 
93 930000  0 0.7775 0.2225 
93 930001  0 0.9 0.1 
93 930002  0 0.835 0.165 
93 930003  1 0.845 0.155 
94 940000  0 0.8575 0.1425 
94 940001  0 0.7475 0.2525 
94 940002  1 0.805 0.195 
94 940003  0 0.8125 0.1875 
95 950000  1 0.85 0.15 
95 950001  1 0.84 0.16 
95 950002  0 0.835 0.165 
95 950003  1 0.8275 0.1725 
96 960000  1 0.7325 0.2675 
96 960001  0 0.8725 0.1275 
96 960002  1 0.78 0.22 
96 960003  0 0.8075 0.1925 
97 970000  0 0.8225 0.1775 
97 970001  1 0.93 0.07 
97 970002  0 0.865 0.135 
97 970003  1 0.8875 0.1125 
98 980000  0 0.745 0.255 
98 980001  1 0.7825 0.2175 
98 980002  1 0.8 0.2 
98 980003  0 0.7525 0.2475 
99 990000  0 0.7925 0.2075 
99 990001  0 0.8 0.2 
99 990002  0 0.78 0.22 
99 990003  1 0.795 0.205 
100 1000000  1 0.825 0.175 
100 1000001  0 0.845 0.155 
100 1000002  0 0.8225 0.1775 
100 1000003  1 0.8325 0.1675 
101 1010000  0 0.8975 0.1025 
101 1010001  0 0.0 1.0 
101 1010002  0 0.44 0.56 
101 1010003  1 0.46 0.54 
102 1020000  0 0.805 0.195 
102 1020001  1 0.785 0.215 
102 1020002  1 0.8 0.2 
102 1020003  0 0.76 0.24 
103 1030000  1 0.75 0.25 
103 1030001  0 0.845 0.155 
103 1030002  0 0.8075 0.1925 
103 1030003  1 0.7875 0.2125 
104 1040000  0 0.9025 0.0975 
104 1040001  0 0.755 0.245 
104 1040002  0 0.8 0.2 
104 1040003  1 0.825 0.175 
105 1050000  0 0.41 0.59 
105 1050001  1 0.4625 0.5375 
105 1050002  0 0.4175 0.5825 
105 1050003  1 0.4025 0.5975 
106 1060000  0 0.5425 0.4575 
106 1060001  0 0.835 0.165 
106 1060002  1 0.715 0.285 
106 1060003  0 0.6575 0.3425 
107 1070000  0 0.7275 0.2725 
107 1070001  1 0.59 0.41 
107 1070002  0 0.65 0.35 
107 1070003  1 0.655 0.345 
108 1080000  0 0.865 0.135 
108 1080001  0 0.7425 0.2575 
108 1080002  1 0.82 0.18 
108 1080003  0 0.805 0.195 
109 1090000  0 0.44 0.56 
109 1090001  0 0.845 0.155 
109 1090002  1 0.65 0.35 
109 1090003  0 0.63 0.37 
110 1100000  0 0.8375 0.1625 
110 1100001  0 0.915 0.085 
110 1100002  1 0.8825 0.1175 
110 1100003  0 0.88 0.12 
111 1110000  0 0.8425 0.1575 
111 1110001  0 0.5675 0.4325 
111 1110002  0 0.6925 0.3075 
111 1110003  1 0.695 0.305 
112 1120000  0 0.8275 0.1725 
112 1120001  0 0.7425 0.2575 
112 1120002  0 0.765 0.235 
112 1120003  1 0.79 0.21 
113 1130000  0 0.795 0.205 
113 1130001  1 0.0 1.0 
113 1130002  0 0.3875 0.6125 
113 1130003  1 0.4 0.6 
114 1140000  1 0.935 0.065 
114 1140001  1 0.0 1.0 
114 1140002  0 0.4625 0.5375 
114 1140003  1 0.47 0.53 
115 1150000  0 0.8575 0.1425 
115 1150001  0 0.7375 0.2625 
115 1150002  0 0.8 0.2 
115 1150003  1 0.805 0.195 
116 1160000  0 0.8275 0.1725 
116 1160001  0 0.8775 0.1225 
116 1160002  0 0.8525 0.1475 
116 1160003  1 0.86 0.14 
117 1170000  0 0.7225 0.2775 
117 1170001  0 0.6175 0.3825 
117 1170002  1 0.67 0.33 
117 1170003  0 0.6675 0.3325 
118 1180000  1 0.8 0.2 
118 1180001  1 0.895 0.105 
118 1180002  0 0.85 0.15 
118 1180003  1 0.83 0.17 
119 1190000  0 0.9275 0.0725 
119 1190001  0 0.8675 0.1325 
119 1190002  1 0.8875 0.1125 
119 1190003  0 0.9 0.1 
120 1200000  0 0.6625 0.3375 
120 1200001  1 0.8475 0.1525 
120 1200002  1 0.7725 0.2275 
120 1200003  0 0.755 0.245 
121 1210000  0 0.91 0.09 
121 1210001  0 0.615 0.385 
121 1210002  0 0.7475 0.2525 
121 1210003  1 0.7625 0.2375 
122 1220000  0 0.8775 0.1225 
122 1220001  0 0.745 0.255 
122 1220002  1 0.8225 0.1775 
122 1220003  0 0.8125 0.1875 
123 1230000  0 0.79 0.21 
123 1230001  0 0.8325 0.1675 
123 1230002  0 0.82 0.18 
123 1230003  1 0.7925 0.2075 
124 1240000  0 0.7575 0.2425 
124 1240001  0 0.6625 0.3375 
124 1240002  1 0.73 0.27 
124 1240003  0 0.705 0.295 
125 1250000  1 0.845 0.155 
125 1250001  0 0.85 0.15 
125 1250002  0 0.8775 0.1225 
125 1250003  1 0.8575 0.1425 
126 1260000  0 0.7525 0.2475 
126 1260001  0 0.755 0.245 
126 1260002  0 0.7475 0.2525 
126 1260003  1 0.755 0.245 
127 1270000  0 0.8575 0.1425 
127 1270001  0 0.765 0.235 
127 1270002  1 0.7925 0.2075 
127 1270003  0 0.8 0.2 
128 1280000  0 0.935 0.065 
128 1280001  1 0.89 0.11 
128 1280002  0 0.9225 0.0775 
128 1280003  1 0.92 0.08 
129 1290000  1 0.3775 0.6225 
129 1290001  0 0.835 0.165 
129 1290002  1 0.57 0.43 
129 1290003  0 0.58 0.42 
130 1300000  0 0.87 0.13 
130 1300001  0 0.9025 0.0975 
130 1300002  1 0.8875 0.1125 
130 1300003  0 0.8725 0.1275 
131 1310000  0 0.82 0.18 
131 1310001  0 0.885 0.115 
131 1310002  1 0.84 0.16 
131 1310003  0 0.85 0.15 
132 1320000  1 0.7775 0.2225 
132 1320001  0 0.7675 0.2325 
132 1320002  0 0.775 0.225 
132 1320003  1 0.7625 0.2375 
133 1330000  0 0.8025 0.1975 
133 1330001  0 0.8225 0.1775 
133 1330002  0 0.83 0.17 
133 1330003  1 0.81 0.19 
134 1340000  1 0.7225 0.2775 
134 1340001  0 0.92 0.08 
134 1340002  1 0.85 0.15 
134 1340003  0 0.8375 0.1625 
135 1350000  0 0.8575 0.1425 
135 1350001  0 0.8975 0.1025 
135 1350002  0 0.8575 0.1425 
135 1350003  1 0.875 0.125 
136 1360000  0 0.84 0.16 
136 1360001  1 0.3825 0.6175 
136 1360002  1 0.6125 0.3875 
136 1360003  0 0.625 0.375 
137 1370000  0 0.7275 0.2725 
137 1370001  0 0.93 0.07 
137 1370002  1 0.83 0.17 
137 1370003  0 0.83 0.17 
138 1380000  0 0.705 0.295 
138 1380001  0 0.93 0.07 
138 1380002  1 0.8125 0.1875 
138 1380003  0 0.8325 0.1675 
139 1390000  1 0.905 0.095 
139 1390001  0 0.735 0.265 
139 1390002  1 0.8275 0.1725 
139 1390003  0 0.8275 0.1725 
140 1400000  0 0.85 0.15 
140 1400001  0 0.93 0.07 
140 1400002  0 0.8925 0.1075 
140 1400003  1 0.895 0.105 
141 1410000  0 0.7 0.3 
141 1410001  0 0.9075 0.0925 
141 1410002  0 0.805 0.195 
141 1410003  1 0.785 0.215 
142 1420000  0 0.5575 0.4425 
142 1420001  1 0.4425 0.5575 
142 1420002  0 0.4975 0.5025 
142 1420003  1 0.515 0.485 
143 1430000  0 0.925 0.075 
143 1430001  0 0.77 0.23 
143 1430002  1 0.8525 0.1475 
143 1430003  0 0.84 0.16 
144 1440000  0 0.9125 0.0875 
144 1440001  0 0.5825 0.4175 
144 1440002  0 0.7325 0.2675 
144 1440003  1 0.7425 0.2575 
145 1450000  0 0.885 0.115 
145 1450001  0 0.81 0.19 
145 1450002  0 0.875 0.125 
145 1450003  1 0.8375 0.1625 
146 1460000  1 0.0 1.0 
146 1460001  0 0.755 0.245 
146 1460002  1 0.375 0.625 
146 1460003  0 0.3825 0.6175 
147 1470000  1 0.69 0.31 
147 1470001  0 0.7975 0.2025 
147 1470002  0 0.75 0.25 
147 1470003  1 0.735 0.265 
148 1480000  1 0.86 0.14 
148 1480001  0 0.82 0.18 
148 1480002  1 0.8425 0.1575 
148 1480003  0 0.8125 0.1875 
149 1490000  0 0.905 0.095 
149 1490001  1 0.7675 0.2325 
149 1490002  1 0.83 0.17 
149 1490003  0 0.82 0.18 
150 1500000  0 0.585 0.415 
150 1500001  0 0.92 0.08 
150 1500002  1 0.745 0.255 
150 1500003  0 0.755 0.245 
151 1510000  0 0.925 0.075 
151 1510001  0 0.7475 0.2525 
151 1510002  1 0.8325 0.1675 
151 1510003  0 0.85 0.15 
152 1520000  1 0.82 0.18 
152 1520001  0 0.865 0.135 
152 1520002  1 0.835 0.165 
152 1520003  0 0.8375 0.1625 
153 1530000  0 0.7925 0.2075 
153 1530001  0 0.6775 0.3225 
153 1530002  1 0.7125 0.2875 
153 1530003  0 0.7325 0.2675 
154 1540000  0 0.85 0.15 
154 1540001  0 0.8625 0.1375 
154 1540002  0 0.8625 0.1375 
154 1540003  1 0.865 0.135 
155 1550000  0 0.915 0.085 
155 1550001  0 0.88 0.12 
155 1550002  1 0.895 0.105 
155 1550003  0 0.9175 0.0825 
156 1560000  0 0.67 0.33 
156 1560001  0 0.855 0.145 
156 1560002  0 0.7675 0.2325 
156 1560003  1 0.75 0.25 
157 1570000  0 0.84 0.16 
157 1570001  0 0.82 0.18 
157 1570002  0 0.825 0.175 
157 1570003  1 0.82 0.18 
158 1580000  0 0.9225 0.0775 
158 1580001  0 0.6525 0.3475 
158 1580002  0 0.81 0.19 
158 1580003  1 0.8075 0.1925 
159 1590000  0 0.67 0.33 
159 1590001  1 0.915 0.085 
159 1590002  0 0.8075 0.1925 
159 1590003  1 0.7625 0.2375 
160 1600000  0 0.7825 0.2175 
160 1600001  0 0.7975 0.2025 
160 1600002  1 0.7825 0.2175 
160 1600003  0 0.78 0.22 
161 1610000  0 0.935 0.065 
161 1610001  0 0.87 0.13 
161 1610002  0 0.905 0.095 
161 1610003  1 0.895 0.105 
162 1620000  0 0.7675 0.2325 
162 1620001  0 0.9175 0.0825 
162 1620002  1 0.8625 0.1375 
162 1620003  0 0.865 0.135 
163 1630000  0 0.92 0.08 
163 1630001  1 0.755 0.245 
163 1630002  1 0.83 0.17 
163 1630003  0 0.8275 0.1725 
164 1640000  0 0.8875 0.1125 
164 1640001  0 0.8775 0.1225 
164 1640002  0 0.8725 0.1275 
164 1640003  1 0.895 0.105 
165 1650000  1 0.745 0.255 
165 1650001  0 0.83 0.17 
165 1650002  1 0.7875 0.2125 
165 1650003  0 0.7725 0.2275 
166 1660000  1 0.84 0.16 
166 1660001  0 0.845 0.155 
166 1660002  0 0.855 0.145 
166 1660003  1 0.8575 0.1425 
167 1670000  0 0.915 0.085 
167 1670001  0 0.9075 0.0925 
167 1670002  1 0.9025 0.0975 
167 1670003  0 0.9075 0.0925 
168 1680000  0 0.0 1.0 
168 1680001  0 0.8875 0.1125 
168 1680002  1 0.4325 0.5675 
168 1680003  0 0.4375 0.5625 
169 1690000  1 0.9 0.1 
169 1690001  1 0.6625 0.3375 
169 1690002  0 0.7925 0.2075 
169 1690003  1 0.775 0.225 
170 1700000  1 0.7075 0.2925 
170 1700001  1 0.715 0.285 
170 1700002  1 0.735 0.265 
170 1700003  0 0.7 0.3 
171 1710000  0 0.765 0.235 
171 1710001  1 0.655 0.345 
171 1710002  1 0.7175 0.2825 
171 1710003  0 0.7025 0.2975 
172 1720000  1 0.8225 0.1775 
172 1720001  0 0.9175 0.0825 
172 1720002  1 0.875 0.125 
172 1720003  0 0.8575 0.1425 
173 1730000  0 0.8175 0.1825 
173 1730001  0 0.3225 0.6775 
173 1730002  1 0.57 0.43 
173 1730003  0 0.585 0.415 
174 1740000  0 0.88 0.12 
174 1740001  1 0.7925 0.2075 
174 1740002  0 0.8575 0.1425 
174 1740003  1 0.845 0.155 
175 1750000  0 0.8025 0.1975 
175 1750001  0 0.4175 0.5825 
175 1750002  0 0.625 0.375 
175 1750003  1 0.6025 0.3975 
176 1760000  0 0.8225 0.1775 
176 1760001  0 0.8675 0.1325 
176 1760002  0 0.8525 0.1475 
176 1760003  1 0.855 0.145 
177 1770000  1 0.935 0.065 
177 1770001  1 0.9125 0.0875 
177 1770002  0 0.9225 0.0775 
177 1770003  1 0.9 0.1 
178 1780000  1 0.79 0.21 
178 1780001  0 0.915 0.085 
178 1780002  1 0.855 0.145 
178 1780003  0 0.8625 0.1375 
179 1790000  1 0.745 0.255 
179 1790001  0 0.8 0.2 
179 1790002  1 0.7675 0.2325 
179 1790003  0 0.7675 0.2325 
180 1800000  0 0.9 0.1 
180 1800001  0 0.8775 0.1225 
180 1800002  0 0.905 0.095 
180 1800003  1 0.89 0.11 
181 1810000  0 0.925 0.075 
181 1810001  0 0.865 0.135 
181 1810002  0 0.9025 0.0975 
181 1810003  1 0.88 0.12 
182 1820000  0 0.87 0.13 
182 1820001  0 0.955 0.045 
182 1820002  0 0.92 0.08 
182 1820003  1 0.9 0.1 
183 1830000  0 0.805 0.195 
183 1830001  0 0.77 0.23 
183 1830002  0 0.795 0.205 
183 1830003  1 0.8075 0.1925 
184 1840000  1 0.9575 0.0425 
184 1840001  0 0.8975 0.1025 
184 1840002  1 0.9275 0.0725 
184 1840003  0 0.9125 0.0875 
185 1850000  1 0.7025 0.2975 
185 1850001  1 0.78 0.22 
185 1850002  1 0.74 0.26 
185 1850003  0 0.73 0.27 
186 1860000  0 0.865 0.135 
186 1860001  0 0.845 0.155 
186 1860002  0 0.8525 0.1475 
186 1860003  1 0.86 0.14 
187 1870000  0 0.7575 0.2425 
187 1870001  0 0.8475 0.1525 
187 1870002  1 0.8125 0.1875 
187 1870003  0 0.8 0.2 
188 1880000  0 0.365 0.635 
188 1880001  0 0.7725 0.2275 
188 1880002  1 0.56 0.44 
188 1880003  0 0.545 0.455 
189 1890000  1 0.9475 0.0525 
189 1890001  0 0.425 0.575 
189 1890002  1 0.69 0.31 
189 1890003  0 0.675 0.325 
190 1900000  0 0.715 0.285 
190 1900001  0 0.825 0.175 
190 1900002  1 0.77 0.23 
190 1900003  0 0.7825 0.2175 
191 1910000  0 0.915 0.085 
191 1910001  0 0.6425 0.3575 
191 1910002  0 0.78 0.22 
191 1910003  1 0.78 0.22 
192 1920000  0 0.7925 0.2075 
192 1920001  1 0.845 0.155 
192 1920002  0 0.83 0.17 
192 1920003  1 0.825 0.175 
193 1930000  0 0.34 0.66 
193 1930001  0 0.925 0.075 
193 1930002  0 0.6275 0.3725 
193 1930003  1 0.6275 0.3725 
194 1940000  0 0.575 0.425 
194 1940001  0 0.9025 0.0975 
194 1940002  1 0.75 0.25 
194 1940003  0 0.75 0.25 
195 1950000  0 0.8575 0.1425 
195 1950001  0 0.4475 0.5525 
195 1950002  0 0.66 0.34 
195 1950003  1 0.65 0.35 
196 1960000  0 0.0 1.0 
196 1960001  0 0.89 0.11 
196 1960002  1 0.4425 0.5575 
196 1960003  0 0.445 0.555 
197 1970000  0 0.9225 0.0775 
197 1970001  1 0.8025 0.1975 
197 1970002  0 0.8675 0.1325 
197 1970003  1 0.8575 0.1425 
198 1980000  1 0.8175 0.1825 
198 1980001  0 0.76 0.24 
198 1980002  1 0.7675 0.2325 
198 1980003  0 0.7875 0.2125 
199 1990000  0 0.905 0.095 
199 1990001  0 0.69 0.31 
199 1990002  1 0.81 0.19 
199 1990003  0 0.8025 0.1975 
200 2000000  1 0.8775 0.1225 
200 2000001  0 0.86 0.14 
200 2000002  1 0.8625 0.1375 
200 2000003  0 0.86 0.14 
201 2010003  0 0.55 0.45 
202 2020003  0 0.85 0.15 
203 2030003  0 0.88 0.12 
204 2040003  1 0.8275 0.1725 
205 2050003  1 0.455 0.545 
206 2060003  1 0.915 0.085 
207 2070003  0 0.805 0.195 
208 2080003  0 0.7225 0.2775 
209 2090003  1 0.87 0.13 
210 2100003  0 0.8175 0.1825 
211 2110003  1 0.7425 0.2575 
212 2120003  0 0.895 0.105 
213 2130003  0 0.8 0.2 
214 2140003  0 0.645 0.355 
215 2150003  0 0.855 0.145 
216 2160003  0 0.8975 0.1025 
217 2170003  0 0.82 0.18 
218 2180003  1 0.79 0.21 
219 2190003  0 0.7775 0.2225 
220 2200003  0 0.7475 0.2525 
221 2210003  1 0.88 0.12 
222 2220003  0 0.7725 0.2275 
223 2230003  0 0.905 0.095 
224 2240003  0 0.8825 0.1175 
225 2250003  0 0.88 0.12 
226 2260003  0 0.8625 0.1375 
227 2270003  0 0.88 0.12 
228 2280003  1 0.8775 0.1225 
229 2290003  1 0.805 0.195 
230 2300003  0 0.6275 0.3725 
231 2310003  0 0.8225 0.1775 
232 2320003  1 0.7225 0.2775 
233 2330003  1 0.625 0.375 
234 2340003  0 0.7375 0.2625 
235 2350003  1 0.83 0.17 
236 2360003  0 0.7875 0.2125 
237 2370003  0 0.885 0.115 
238 2380003  0 0.7975 0.2025 
239 2390003  0 0.7925 0.2075 
240 2400003  0 0.765 0.235 
241 2410003  0 0.85 0.15 
242 2420003  0 0.8 0.2 
243 2430003  0 0.81 0.19 
244 2440003  0 0.77 0.23 
245 2450003  0 0.6325 0.3675 
246 2460003  1 0.8625 0.1375 
247 2470003  1 0.845 0.155 
248 2480003  0 0.5275 0.4725 
249 2490003  0 0.825 0.175 
250 2500003  0 0.735 0.265 
251 2510003  1 0.4575 0.5425 
252 2520003  0 0.6525 0.3475 
253 2530003  1 0.715 0.285 
254 2540003  0 0.87 0.13 
255 2550003  0 0.4175 0.5825 
256 2560003  0 0.6625 0.3375 
257 2570003  1 0.8025 0.1975 
258 2580003  0 0.83 0.17 
259 2590003  0 0.7725 0.2275 
260 2600003  0 0.775 0.225 
261 2610003  0 0.775 0.225 
262 2620003  0 0.7375 0.2625 
263 2630003  0 0.895 0.105 
264 2640003  1 0.7575 0.2425 
265 2650003  0 0.8825 0.1175 
266 2660003  1 0.8825 0.1175 
267 2670003  0 0.93 0.07 
268 2680003  0 0.47 0.53 
269 2690003  1 0.85 0.15 
270 2700003  0 0.8675 0.1325 
271 2710003  0 0.79 0.21 
272 2720003  0 0.445 0.555 
273 2730003  0 0.8 0.2 
274 2740003  0 0.8575 0.1425 
275 2750003  0 0.915 0.085 
276 2760003  1 0.9175 0.0825 
277 2770003  0 0.7825 0.2175 
278 2780003  0 0.82 0.18 
279 2790003  0 0.775 0.225 
280 2800003  0 0.835 0.165 
281 2810003  0 0.6475 0.3525 
282 2820003  0 0.885 0.115 
283 2830003  0 0.8775 0.1225 
284 2840003  1 0.8775 0.1225 
285 2850003  1 0.82 0.18 
286 2860003  0 0.9225 0.0775 
287 2870003  0 0.805 0.195 
288 2880003  0 0.775 0.225 
289 2890003  1 0.83 0.17 
290 2900003  1 0.6825 0.3175 
291 2910003  0 0.8875 0.1125 
292 2920003  0 0.8875 0.1125 
293 2930003  1 0.9125 0.0875 
294 2940003  0 0.3725 0.6275 
295 2950003  1 0.74 0.26 
296 2960003  0 0.8525 0.1475 
297 2970003  0 0.8075 0.1925 
298 2980003  0 0.375 0.625 
299 2990003  0 0.865 0.135 
300 3000003  0 0.49 0.51 
301 3010003  0 0.8975 0.1025 
302 3020003  0 0.775 0.225 
303 3030003  0 0.7725 0.2275 
304 3040003  0 0.8475 0.1525 
305 3050003  0 0.89 0.11 
306 3060003  0 0.8325 0.1675 
307 3070003  0 0.825 0.175 
308 3080003  1 0.7675 0.2325 
309 3090003  0 0.8425 0.1575 
310 3100003  0 0.37 0.63 
311 3110003  0 0.595 0.405 
312 3120003  1 0.6375 0.3625 
313 3130003  0 0.795 0.205 
314 3140003  0 0.6225 0.3775 
315 3150003  0 0.79 0.21 
316 3160003  0 0.7975 0.2025 
317 3170003  0 0.8225 0.1775 
318 3180003  1 0.8225 0.1775 
319 3190003  0 0.72 0.28 
320 3200003  0 0.76 0.24 
321 3210003  0 0.8275 0.1725 
322 3220003  1 0.695 0.305 
323 3230003  0 0.835 0.165 
324 3240003  0 0.815 0.185 
325 3250003  0 0.885 0.115 
326 3260003  1 0.745 0.255 
327 3270003  0 0.7125 0.2875 
328 3280003  0 0.915 0.085 
329 3290003  1 0.6975 0.3025 
330 3300003  0 0.6625 0.3375 
331 3310003  0 0.8575 0.1425 
332 3320003  0 0.8925 0.1075 
333 3330003  0 0.825 0.175 
334 3340003  0 0.8875 0.1125 
335 3350003  0 0.76 0.24 
336 3360003  1 0.8375 0.1625 
337 3370003  1 0.775 0.225 
338 3380003  0 0.675 0.325 
339 3390003  0 0.8775 0.1225 
340 3400003  0 0.69 0.31 
341 3410003  0 0.4525 0.5475 
342 3420003  0 0.4475 0.5525 
343 3430003  0 0.85 0.15 
344 3440003  0 0.9025 0.0975 
345 3450003  1 0.885 0.115 
346 3460003  0 0.7675 0.2325 
347 3470003  1 0.9425 0.0575 
348 3480003  0 0.7575 0.2425 
349 3490003  0 0.7025 0.2975 
350 3500003  0 0.7675 0.2325 
351 3510003  0 0.8275 0.1725 
352 3520003  1 0.83 0.17 
353 3530003  0 0.675 0.325 
354 3540003  0 0.8825 0.1175 
355 3550003  0 0.9 0.1 
356 3560003  0 0.845 0.155 
357 3570003  1 0.7725 0.2275 
358 3580003  0 0.57 0.43 
359 3590003  0 0.8225 0.1775 
360 3600003  0 0.8725 0.1275 
361 3610003  1 0.8275 0.1725 
362 3620003  1 0.85 0.15 
363 3630003  0 0.91 0.09 
364 3640003  0 0.835 0.165 
365 3650003  1 0.79 0.21 
366 3660003  0 0.795 0.205 
367 3670003  1 0.5625 0.4375 
368 3680003  0 0.735 0.265 
369 3690003  0 0.74 0.26 
370 3700003  0 0.77 0.23 
371 3710003  0 0.9 0.1 
372 3720003  0 0.895 0.105 
373 3730003  0 0.8975 0.1025 
374 3740003  1 0.6975 0.3025 
375 3750003  0 0.845 0.155 
376 3760003  0 0.865 0.135 
377 3770003  0 0.425 0.575 
378 3780003  0 0.6925 0.3075 
379 3790003  0 0.81 0.19 
380 3800003  0 0.84 0.16 
381 3810003  1 0.8625 0.1375 
382 3820003  0 0.8225 0.1775 
383 3830003  0 0.8025 0.1975 
384 3840003  1 0.8475 0.1525 
385 3850003  0 0.65 0.35 
386 3860003  0 0.8775 0.1225 
387 3870003  0 0.755 0.245 
388 3880003  0 0.53 0.47 
389 3890003  0 0.8125 0.1875 
390 3900003  0 0.7575 0.2425 
391 3910003  0 0.905 0.095 
392 3920003  0 0.7375 0.2625 
393 3930003  0 0.8125 0.1875 
394 3940003  0 0.85 0.15 
395 3950003  1 0.78 0.22 
396 3960003  1 0.935 0.065 
397 3970003  0 0.7725 0.2275 
398 3980003  0 0.8175 0.1825 
399 3990003  0 0.6525 0.3475 
400 4000003  0 0.6725 0.3275 
401 4010003  0 0.8925 0.1075 
402 4020003  0 0.895 0.105 
403 4030003  0 0.8675 0.1325 
404 4040003  0 0.7125 0.2875 
405 4050003  0 0.855 0.145 
406 4060003  0 0.8875 0.1125 
407 4070003  0 0.8075 0.1925 
408 4080003  0 0.775 0.225 
409 4090003  0 0.71 0.29 
410 4100003  0 0.1975 0.8025 
411 4110003  0 0.6675 0.3325 
412 4120003  1 0.7075 0.2925 
413 4130003  0 0.7925 0.2075 
414 4140003  1 0.86 0.14 
415 4150003  0 0.7575 0.2425 
416 4160003  1 0.895 0.105 
417 4170003  0 0.8225 0.1775 
418 4180003  1 0.81 0.19 
419 4190003  0 0.3775 0.6225 
420 4200003  0 0.645 0.355 
421 4210003  0 0.84 0.16 
422 4220003  0 0.8525 0.1475 
423 4230003  0 0.765 0.235 
424 4240003  0 0.8275 0.1725 
425 4250003  0 0.8825 0.1175 
426 4260003  1 0.7925 0.2075 
427 4270003  1 0.925 0.075 
428 4280003  1 0.88 0.12 
429 4290003  0 0.8175 0.1825 
430 4300003  0 0.89 0.11 
431 4310003  0 0.9 0.1 
432 4320003  0 0.8875 0.1125 
433 4330003  0 0.8675 0.1325 
434 4340003  1 0.8825 0.1175 
435 4350003  0 0.6625 0.3375 
436 4360003  0 0.8625 0.1375 
437 4370003  0 0.4525 0.5475 
438 4380003  1 0.7925 0.2075 
439 4390003  0 0.875 0.125 
440 4400003  1 0.8825 0.1175 
441 4410003  1 0.7675 0.2325 
442 4420003  0 0.79 0.21 
443 4430003  0 0.86 0.14 
444 4440003  1 0.4325 0.5675 
445 4450003  0 0.62 0.38 
446 4460003  1 0.8175 0.1825 
447 4470003  0 0.875 0.125 
448 4480003  1 0.7425 0.2575 
449 4490003  0 0.8375 0.1625 
450 4500003  1 0.8175 0.1825 
451 4510003  0 0.78 0.22 
452 4520003  0 0.885 0.115 
453 4530003  0 0.8775 0.1225 
454 4540003  1 0.6875 0.3125 
455 4550003  0 0.85 0.15 
456 4560003  1 0.6625 0.3375 
457 4570003  0 0.84 0.16 
458 4580003  0 0.705 0.295 
459 4590003  1 0.6225 0.3775 
460 4600003  0 0.6225 0.3775 
461 4610003  0 0.4175 0.5825 
462 4620003  0 0.41 0.59 
463 4630003  0 0.8475 0.1525 
464 4640003  0 0.765 0.235 
465 4650003  1 0.815 0.185 
466 4660003  0 0.9025 0.0975 
467 4670003  0 0.7975 0.2025 
468 4680003  1 0.7825 0.2175 
469 4690003  1 0.84 0.16 
470 4700003  1 0.785 0.215 
471 4710003  1 0.87 0.13 
472 4720003  1 0.8675 0.1325 
473 4730003  1 0.45 0.55 
474 4740003  1 0.8125 0.1875 
475 4750003  1 0.67 0.33 
476 4760003  1 0.78 0.22 
477 4770003  1 0.59 0.41 
478 4780003  1 0.8075 0.1925 
479 4790003  1 0.8175 0.1825 
480 4800003  1 0.89 0.11 
481 4810003  1 0.87 0.13 
482 4820003  1 0.91 0.09 
483 4830003  1 0.75 0.25 
484 4840003  1 0.8575 0.1425 
485 4850003  1 0.91 0.09 
486 4860003  1 0.91 0.09 
487 4870003  1 0.705 0.295 
488 4880003  1 0.83 0.17 
489 4890003  1 0.7325 0.2675 
490 4900003  1 0.79 0.21 
491 4910003  1 0.8925 0.1075 
492 4920003  1 0.7275 0.2725 
493 4930003  1 0.675 0.325 
494 4940003  1 0.685 0.315 
495 4950003  1 0.845 0.155 
496 4960003  1 0.5675 0.4325 
497 4970003  1 0.8475 0.1525 
498 4980003  1 0.86 0.14 
499 4990003  1 0.81 0.19 
500 5000003  1 0.8925 0.1075 
501 5010003  1 0.8325 0.1675 
502 5020003  1 0.5675 0.4325 
503 5030003  1 0.8675 0.1325 
504 5040003  1 0.815 0.185 
505 5050003  1 0.815 0.185 
506 5060003  1 0.7325 0.2675 
507 5070003  1 0.68 0.32 
508 5080003  1 0.83 0.17 
509 5090003  1 0.6675 0.3325 
510 5100003  1 0.795 0.205 
511 5110003  1 0.8475 0.1525 
512 5120003  1 0.8725 0.1275 
513 5130003  1 0.8375 0.1625 
514 5140003  1 0.7375 0.2625 
515 5150003  1 0.775 0.225 
516 5160003  1 0.835 0.165 
517 5170003  1 0.8675 0.1325 
518 5180003  1 0.655 0.345 
519 5190003  1 0.915 0.085 
520 5200003  1 0.85 0.15 
521 5210003  1 0.765 0.235 
522 5220003  1 0.6875 0.3125 
523 5230003  1 0.6575 0.3425 
524 5240003  1 0.78 0.22 
525 5250003  1 0.595 0.405 
526 5260003  1 0.87 0.13 
527 5270003  1 0.81 0.19 
528 5280003  1 0.7825 0.2175 
529 5290003  1 0.925 0.075 
530 5300003  1 0.8025 0.1975 
531 5310003  1 0.52 0.48 
532 5320003  1 0.86 0.14 
533 5330003  1 0.6575 0.3425 
534 5340003  1 0.39 0.61 
535 5350003  1 0.9075 0.0925 
536 5360003  1 0.9175 0.0825 
537 5370003  1 0.7225 0.2775 
538 5380003  1 0.815 0.185 
539 5390003  1 0.89 0.11 
540 5400003  1 0.67 0.33 
541 5410003  1 0.8425 0.1575 
542 5420003  1 0.88 0.12 
543 5430003  1 0.9225 0.0775 
544 5440003  1 0.86 0.14 
545 5450003  1 0.855 0.145 
546 5460003  1 0.6875 0.3125 
547 5470003  1 0.8425 0.1575 
548 5480003  1 0.86 0.14 
549 5490003  1 0.7875 0.2125 
550 5500003  1 0.665 0.335 
551 5510003  1 0.855 0.145 
552 5520003  1 0.8425 0.1575 
553 5530003  1 0.815 0.185 
554 5540003  1 0.8875 0.1125 
555 5550003  1 0.805 0.195 
556 5560003  1 0.8125 0.1875 
557 5570003  1 0.8 0.2 
558 5580003  1 0.8075 0.1925 
559 5590003  1 0.8925 0.1075 
560 5600003  1 0.7425 0.2575 
561 5610003  1 0.8175 0.1825 
562 5620003  1 0.8275 0.1725 
563 5630003  1 0.875 0.125 
564 5640003  1 0.8625 0.1375 
565 5650003  1 0.79 0.21 
566 5660003  1 0.82 0.18 
567 5670003  1 0.875 0.125 
568 5680003  1 0.7225 0.2775 
569 5690003  1 0.89 0.11 
570 5700003  1 0.9125 0.0875 
571 5710003  1 0.825 0.175 
572 5720003  1 0.9175 0.0825 
573 5730003  1 0.4125 0.5875 
574 5740003  1 0.9175 0.0825 
575 5750003  1 0.7675 0.2325 
576 5760003  1 0.8175 0.1825 
577 5770003  1 0.8 0.2 
578 5780003  1 0.8575 0.1425 
579 5790003  1 0.855 0.145 
580 5800003  1 0.8525 0.1475 
581 5810003  1 0.81 0.19 
582 5820003  1 0.83 0.17 
583 5830003  1 0.645 0.355 
584 5840003  1 0.865 0.135 
585 5850003  1 0.83 0.17 
586 5860003  1 0.855 0.145 
587 5870003  1 0.845 0.155 
588 5880003  1 0.83 0.17 
589 5890003  1 0.75 0.25 
590 5900003  1 0.85 0.15 
591 5910003  1 0.75 0.25 
592 5920003  1 0.66 0.34 
593 5930003  1 0.885 0.115 
594 5940003  1 0.73 0.27 
595 5950003  1 0.425 0.575 
596 5960003  1 0.64 0.36 
597 5970003  1 0.895 0.105 
598 5980003  1 0.82 0.18 
599 5990003  1 0.7975 0.2025 
600 6000003  1 0.775 0.225 
