FID ID phe0 phe1 phe2 
1 10000  0 0.8875 0.1125 
1 10001  0 0.875 0.125 
1 10002  1 0.87 0.13 
1 10003  1 0.88 0.12 
1 10004  1 0.8725 0.1275 
2 20000  0 0.6325 0.3675 
2 20001  0 0.69 0.31 
2 20002  0 0.68 0.32 
2 20003  0 0.66 0.34 
2 20004  1 0.665 0.335 
3 30000  0 0.865 0.135 
3 30001  1 0.8025 0.1975 
3 30002  1 0.8625 0.1375 
3 30003  0 0.8325 0.1675 
3 30004  1 0.8375 0.1625 
4 40000  1 0.7725 0.2275 
4 40001  0 0.76 0.24 
4 40002  1 0.7525 0.2475 
4 40003  0 0.775 0.225 
4 40004  0 0.775 0.225 
5 50000  1 0.805 0.195 
5 50001  0 0.77 0.23 
5 50002  0 0.8175 0.1825 
5 50003  0 0.7925 0.2075 
5 50004  1 0.7525 0.2475 
6 60000  0 0.9025 0.0975 
6 60001  0 0.9025 0.0975 
6 60002  0 0.8875 0.1125 
6 60003  1 0.9025 0.0975 
6 60004  0 0.8975 0.1025 
7 70000  1 0.865 0.135 
7 70001  1 0.9 0.1 
7 70002  0 0.89 0.11 
7 70003  1 0.895 0.105 
7 70004  0 0.865 0.135 
8 80000  0 0.8675 0.1325 
8 80001  1 0.3825 0.6175 
8 80002  0 0.6225 0.3775 
8 80003  0 0.61 0.39 
8 80004  1 0.6325 0.3675 
9 90000  1 0.9 0.1 
9 90001  0 0.5375 0.4625 
9 90002  1 0.71 0.29 
9 90003  1 0.7075 0.2925 
9 90004  0 0.7425 0.2575 
10 100000  1 0.7025 0.2975 
10 100001  0 0.92 0.08 
10 100002  0 0.7825 0.2175 
10 100003  0 0.81 0.19 
10 100004  1 0.805 0.195 
11 110000  0 0.845 0.155 
11 110001  0 0.85 0.15 
11 110002  1 0.845 0.155 
11 110003  0 0.84 0.16 
11 110004  0 0.865 0.135 
12 120000  0 0.67 0.33 
12 120001  0 0.8975 0.1025 
12 120002  1 0.7675 0.2325 
12 120003  0 0.7875 0.2125 
12 120004  1 0.76 0.24 
13 130000  0 0.87 0.13 
13 130001  0 0.8975 0.1025 
13 130002  1 0.885 0.115 
13 130003  0 0.8725 0.1275 
13 130004  0 0.8925 0.1075 
14 140000  1 0.895 0.105 
14 140001  0 0.8975 0.1025 
14 140002  0 0.89 0.11 
14 140003  0 0.9025 0.0975 
14 140004  1 0.885 0.115 
15 150000  1 0.74 0.26 
15 150001  1 0.8275 0.1725 
15 150002  0 0.785 0.215 
15 150003  1 0.805 0.195 
15 150004  1 0.785 0.215 
16 160000  0 0.875 0.125 
16 160001  0 0.87 0.13 
16 160002  1 0.8475 0.1525 
16 160003  0 0.875 0.125 
16 160004  0 0.875 0.125 
17 170000  0 0.8875 0.1125 
17 170001  0 0.74 0.26 
17 170002  0 0.83 0.17 
17 170003  0 0.7925 0.2075 
17 170004  1 0.8175 0.1825 
18 180000  0 0.775 0.225 
18 180001  0 0.805 0.195 
18 180002  1 0.78 0.22 
18 180003  1 0.8275 0.1725 
18 180004  0 0.8075 0.1925 
19 190000  0 0.6975 0.3025 
19 190001  1 0.8625 0.1375 
19 190002  0 0.735 0.265 
19 190003  0 0.7625 0.2375 
19 190004  1 0.7825 0.2175 
20 200000  0 0.9275 0.0725 
20 200001  0 0.86 0.14 
20 200002  1 0.8975 0.1025 
20 200003  0 0.9 0.1 
20 200004  0 0.905 0.095 
21 210000  1 0.7025 0.2975 
21 210001  0 0.89 0.11 
21 210002  0 0.775 0.225 
21 210003  1 0.7825 0.2175 
21 210004  0 0.805 0.195 
22 220000  1 0.725 0.275 
22 220001  0 0.8275 0.1725 
22 220002  0 0.7925 0.2075 
22 220003  0 0.78 0.22 
22 220004  1 0.7825 0.2175 
23 230000  0 0.855 0.145 
23 230001  0 0.84 0.16 
23 230002  1 0.82 0.18 
23 230003  0 0.845 0.155 
23 230004  0 0.87 0.13 
24 240000  0 0.4425 0.5575 
24 240001  0 0.92 0.08 
24 240002  0 0.6625 0.3375 
24 240003  1 0.6825 0.3175 
24 240004  0 0.6675 0.3325 
25 250000  0 0.625 0.375 
25 250001  0 0.84 0.16 
25 250002  0 0.755 0.245 
25 250003  0 0.7225 0.2775 
25 250004  1 0.7175 0.2825 
26 260000  0 0.925 0.075 
26 260001  0 0.8375 0.1625 
26 260002  0 0.865 0.135 
26 260003  1 0.8825 0.1175 
26 260004  0 0.8975 0.1025 
27 270000  1 0.725 0.275 
27 270001  0 0.8375 0.1625 
27 270002  0 0.78 0.22 
27 270003  0 0.7775 0.2225 
27 270004  1 0.7575 0.2425 
28 280000  0 0.86 0.14 
28 280001  0 0.81 0.19 
28 280002  1 0.845 0.155 
28 280003  0 0.8275 0.1725 
28 280004  0 0.82 0.18 
29 290000  0 0.445 0.555 
29 290001  0 0.8025 0.1975 
29 290002  1 0.635 0.365 
29 290003  0 0.6075 0.3925 
29 290004  1 0.6125 0.3875 
30 300000  1 0.6675 0.3325 
30 300001  1 0.5525 0.4475 
30 300002  0 0.6125 0.3875 
30 300003  0 0.6525 0.3475 
30 300004  1 0.6175 0.3825 
31 310000  0 0.8775 0.1225 
31 310001  0 0.8475 0.1525 
31 310002  0 0.85 0.15 
31 310003  0 0.8675 0.1325 
31 310004  1 0.87 0.13 
32 320000  0 0.4825 0.5175 
32 320001  1 0.7 0.3 
32 320002  0 0.5925 0.4075 
32 320003  0 0.58 0.42 
32 320004  1 0.605 0.395 
33 330000  0 0.3575 0.6425 
33 330001  0 0.68 0.32 
33 330002  0 0.505 0.495 
33 330003  1 0.5 0.5 
33 330004  1 0.52 0.48 
34 340000  0 0.8975 0.1025 
34 340001  0 0.875 0.125 
34 340002  0 0.8875 0.1125 
34 340003  1 0.8825 0.1175 
34 340004  0 0.8675 0.1325 
35 350000  1 0.685 0.315 
35 350001  0 0.835 0.165 
35 350002  1 0.76 0.24 
35 350003  0 0.7625 0.2375 
35 350004  0 0.7825 0.2175 
36 360000  0 0.7 0.3 
36 360001  0 0.705 0.295 
36 360002  1 0.695 0.305 
36 360003  1 0.7 0.3 
36 360004  0 0.6775 0.3225 
37 370000  1 0.64 0.36 
37 370001  0 0.7725 0.2275 
37 370002  1 0.67 0.33 
37 370003  1 0.7125 0.2875 
37 370004  0 0.6925 0.3075 
38 380000  0 0.9275 0.0725 
38 380001  0 0.8425 0.1575 
38 380002  0 0.8725 0.1275 
38 380003  1 0.87 0.13 
38 380004  0 0.88 0.12 
39 390000  0 0.84 0.16 
39 390001  0 0.8875 0.1125 
39 390002  0 0.8675 0.1325 
39 390003  1 0.8575 0.1425 
39 390004  0 0.88 0.12 
40 400000  0 0.71 0.29 
40 400001  0 0.9325 0.0675 
40 400002  1 0.825 0.175 
40 400003  1 0.8125 0.1875 
40 400004  1 0.8275 0.1725 
41 410000  0 0.86 0.14 
41 410001  1 0.4575 0.5425 
41 410002  0 0.6975 0.3025 
41 410003  0 0.62 0.38 
41 410004  1 0.6675 0.3325 
42 420000  0 0.7725 0.2275 
42 420001  0 0.45 0.55 
42 420002  1 0.6025 0.3975 
42 420003  0 0.6125 0.3875 
42 420004  0 0.61 0.39 
43 430000  0 0.8875 0.1125 
43 430001  0 0.8975 0.1025 
43 430002  0 0.8875 0.1125 
43 430003  0 0.875 0.125 
43 430004  1 0.89 0.11 
44 440000  0 0.8925 0.1075 
44 440001  0 0.8375 0.1625 
44 440002  0 0.855 0.145 
44 440003  1 0.8675 0.1325 
44 440004  0 0.8525 0.1475 
45 450000  0 0.8225 0.1775 
45 450001  0 0.79 0.21 
45 450002  0 0.8075 0.1925 
45 450003  0 0.81 0.19 
45 450004  1 0.81 0.19 
46 460000  0 0.7325 0.2675 
46 460001  0 0.8475 0.1525 
46 460002  0 0.81 0.19 
46 460003  0 0.7675 0.2325 
46 460004  1 0.7875 0.2125 
47 470000  0 0.5975 0.4025 
47 470001  1 0.435 0.565 
47 470002  0 0.52 0.48 
47 470003  1 0.505 0.495 
47 470004  0 0.5325 0.4675 
48 480000  0 0.8675 0.1325 
48 480001  0 0.8975 0.1025 
48 480002  1 0.9075 0.0925 
48 480003  0 0.8625 0.1375 
48 480004  0 0.8825 0.1175 
49 490000  1 0.8925 0.1075 
49 490001  0 0.9225 0.0775 
49 490002  1 0.89 0.11 
49 490003  0 0.895 0.105 
49 490004  0 0.9075 0.0925 
50 500000  0 0.825 0.175 
50 500001  0 0.545 0.455 
50 500002  1 0.6775 0.3225 
50 500003  1 0.6425 0.3575 
50 500004  0 0.7125 0.2875 
51 510000  0 0.8575 0.1425 
51 510001  1 0.4575 0.5425 
51 510002  1 0.635 0.365 
51 510003  0 0.67 0.33 
51 510004  1 0.645 0.355 
52 520000  0 0.9225 0.0775 
52 520001  0 0.835 0.165 
52 520002  0 0.885 0.115 
52 520003  0 0.8825 0.1175 
52 520004  1 0.8775 0.1225 
53 530000  0 0.8 0.2 
53 530001  1 0.7625 0.2375 
53 530002  0 0.785 0.215 
53 530003  0 0.7825 0.2175 
53 530004  1 0.775 0.225 
54 540000  1 0.895 0.105 
54 540001  0 0.9075 0.0925 
54 540002  1 0.89 0.11 
54 540003  0 0.915 0.085 
54 540004  0 0.895 0.105 
55 550000  0 0.705 0.295 
55 550001  0 0.775 0.225 
55 550002  0 0.74 0.26 
55 550003  1 0.7175 0.2825 
55 550004  1 0.725 0.275 
56 560000  0 0.9 0.1 
56 560001  0 0.9325 0.0675 
56 560002  0 0.92 0.08 
56 560003  0 0.9125 0.0875 
56 560004  1 0.91 0.09 
57 570000  1 0.6925 0.3075 
57 570001  0 0.68 0.32 
57 570002  0 0.6875 0.3125 
57 570003  0 0.655 0.345 
57 570004  1 0.685 0.315 
58 580000  0 0.9 0.1 
58 580001  0 0.875 0.125 
58 580002  1 0.8875 0.1125 
58 580003  0 0.885 0.115 
58 580004  0 0.8875 0.1125 
59 590000  1 0.8125 0.1875 
59 590001  0 0.875 0.125 
59 590002  0 0.835 0.165 
59 590003  1 0.855 0.145 
59 590004  0 0.8425 0.1575 
60 600000  0 0.8325 0.1675 
60 600001  0 0.8325 0.1675 
60 600002  0 0.85 0.15 
60 600003  1 0.815 0.185 
60 600004  0 0.845 0.155 
61 610000  0 0.705 0.295 
61 610001  0 0.8675 0.1325 
61 610002  0 0.7975 0.2025 
61 610003  1 0.785 0.215 
61 610004  0 0.81 0.19 
62 620000  0 0.4625 0.5375 
62 620001  0 0.87 0.13 
62 620002  0 0.665 0.335 
62 620003  0 0.685 0.315 
62 620004  1 0.6725 0.3275 
63 630000  0 0.9075 0.0925 
63 630001  0 0.745 0.255 
63 630002  1 0.81 0.19 
63 630003  0 0.825 0.175 
63 630004  1 0.8375 0.1625 
64 640000  1 0.855 0.145 
64 640001  0 0.81 0.19 
64 640002  1 0.8625 0.1375 
64 640003  1 0.8225 0.1775 
64 640004  1 0.85 0.15 
65 650000  1 0.475 0.525 
65 650001  0 0.9075 0.0925 
65 650002  1 0.7 0.3 
65 650003  0 0.6825 0.3175 
65 650004  0 0.69 0.31 
66 660000  1 0.745 0.255 
66 660001  0 0.865 0.135 
66 660002  1 0.825 0.175 
66 660003  0 0.8 0.2 
66 660004  1 0.8275 0.1725 
67 670000  1 0.8925 0.1075 
67 670001  0 0.8825 0.1175 
67 670002  1 0.8725 0.1275 
67 670003  0 0.8975 0.1025 
67 670004  0 0.9025 0.0975 
68 680000  0 0.895 0.105 
68 680001  0 0.9025 0.0975 
68 680002  0 0.88 0.12 
68 680003  1 0.9075 0.0925 
68 680004  0 0.9 0.1 
69 690000  0 0.41 0.59 
69 690001  1 0.89 0.11 
69 690002  0 0.63 0.37 
69 690003  1 0.64 0.36 
69 690004  0 0.67 0.33 
70 700000  1 0.7725 0.2275 
70 700001  0 0.7175 0.2825 
70 700002  1 0.7575 0.2425 
70 700003  0 0.7025 0.2975 
70 700004  0 0.75 0.25 
71 710000  0 0.0 1.0 
71 710001  0 0.7925 0.2075 
71 710002  0 0.3725 0.6275 
71 710003  0 0.39 0.61 
71 710004  1 0.3875 0.6125 
72 720000  0 0.6975 0.3025 
72 720001  0 0.745 0.255 
72 720002  1 0.69 0.31 
72 720003  0 0.68 0.32 
72 720004  0 0.7375 0.2625 
73 730000  0 0.8325 0.1675 
73 730001  1 0.835 0.165 
73 730002  0 0.8275 0.1725 
73 730003  1 0.8225 0.1775 
73 730004  0 0.825 0.175 
74 740000  1 0.61 0.39 
74 740001  0 0.9625 0.0375 
74 740002  0 0.785 0.215 
74 740003  1 0.775 0.225 
74 740004  0 0.8125 0.1875 
75 750000  0 0.865 0.135 
75 750001  1 0.84 0.16 
75 750002  0 0.8575 0.1425 
75 750003  1 0.84 0.16 
75 750004  0 0.86 0.14 
76 760000  1 0.775 0.225 
76 760001  1 0.86 0.14 
76 760002  1 0.8325 0.1675 
76 760003  0 0.82 0.18 
76 760004  1 0.8175 0.1825 
77 770000  0 0.86 0.14 
77 770001  0 0.675 0.325 
77 770002  0 0.765 0.235 
77 770003  0 0.7775 0.2225 
77 770004  1 0.75 0.25 
78 780000  0 0.895 0.105 
78 780001  0 0.645 0.355 
78 780002  0 0.78 0.22 
78 780003  0 0.775 0.225 
78 780004  1 0.77 0.23 
79 790000  0 0.5675 0.4325 
79 790001  0 0.85 0.15 
79 790002  0 0.68 0.32 
79 790003  1 0.6975 0.3025 
79 790004  0 0.705 0.295 
80 800000  1 0.85 0.15 
80 800001  0 0.9 0.1 
80 800002  1 0.88 0.12 
80 800003  0 0.8925 0.1075 
80 800004  1 0.875 0.125 
81 810000  0 0.6275 0.3725 
81 810001  1 0.0 1.0 
81 810002  0 0.3275 0.6725 
81 810003  1 0.3125 0.6875 
81 810004  0 0.335 0.665 
82 820000  0 0.8875 0.1125 
82 820001  0 0.3875 0.6125 
82 820002  1 0.6375 0.3625 
82 820003  0 0.6325 0.3675 
82 820004  0 0.635 0.365 
83 830000  0 0.845 0.155 
83 830001  0 0.7825 0.2175 
83 830002  1 0.795 0.205 
83 830003  1 0.8025 0.1975 
83 830004  0 0.8375 0.1625 
84 840000  0 0.725 0.275 
84 840001  0 0.88 0.12 
84 840002  1 0.775 0.225 
84 840003  1 0.8075 0.1925 
84 840004  0 0.79 0.21 
85 850000  0 0.73 0.27 
85 850001  1 0.7425 0.2575 
85 850002  0 0.7325 0.2675 
85 850003  0 0.72 0.28 
85 850004  1 0.695 0.305 
86 860000  1 0.8375 0.1625 
86 860001  0 0.865 0.135 
86 860002  1 0.8625 0.1375 
86 860003  0 0.855 0.145 
86 860004  0 0.85 0.15 
87 870000  0 0.86 0.14 
87 870001  0 0.755 0.245 
87 870002  1 0.815 0.185 
87 870003  1 0.8125 0.1875 
87 870004  0 0.82 0.18 
88 880000  0 0.6175 0.3825 
88 880001  0 0.8075 0.1925 
88 880002  1 0.705 0.295 
88 880003  0 0.705 0.295 
88 880004  0 0.7 0.3 
89 890000  1 0.91 0.09 
89 890001  1 0.8675 0.1325 
89 890002  1 0.895 0.105 
89 890003  0 0.88 0.12 
89 890004  1 0.8925 0.1075 
90 900000  0 0.675 0.325 
90 900001  0 0.8875 0.1125 
90 900002  0 0.7825 0.2175 
90 900003  1 0.7925 0.2075 
90 900004  0 0.8 0.2 
91 910000  0 0.8925 0.1075 
91 910001  1 0.895 0.105 
91 910002  0 0.895 0.105 
91 910003  0 0.9025 0.0975 
91 910004  1 0.8875 0.1125 
92 920000  0 0.815 0.185 
92 920001  0 0.5775 0.4225 
92 920002  0 0.685 0.315 
92 920003  0 0.7 0.3 
92 920004  1 0.6825 0.3175 
93 930000  1 0.7775 0.2225 
93 930001  1 0.9 0.1 
93 930002  1 0.84 0.16 
93 930003  0 0.84 0.16 
93 930004  0 0.8425 0.1575 
94 940000  0 0.8575 0.1425 
94 940001  1 0.7475 0.2525 
94 940002  0 0.7925 0.2075 
94 940003  0 0.8075 0.1925 
94 940004  1 0.8 0.2 
95 950000  1 0.85 0.15 
95 950001  0 0.84 0.16 
95 950002  0 0.855 0.145 
95 950003  1 0.83 0.17 
95 950004  0 0.85 0.15 
96 960000  0 0.7325 0.2675 
96 960001  0 0.8725 0.1275 
96 960002  1 0.805 0.195 
96 960003  0 0.805 0.195 
96 960004  0 0.8125 0.1875 
97 970000  1 0.8225 0.1775 
97 970001  0 0.93 0.07 
97 970002  1 0.8675 0.1325 
97 970003  0 0.865 0.135 
97 970004  0 0.89 0.11 
98 980000  0 0.745 0.255 
98 980001  0 0.7825 0.2175 
98 980002  1 0.755 0.245 
98 980003  0 0.78 0.22 
98 980004  0 0.755 0.245 
99 990000  0 0.7925 0.2075 
99 990001  0 0.8 0.2 
99 990002  1 0.7675 0.2325 
99 990003  0 0.7825 0.2175 
99 990004  1 0.8075 0.1925 
100 1000000  0 0.825 0.175 
100 1000001  0 0.845 0.155 
100 1000002  0 0.845 0.155 
100 1000003  1 0.84 0.16 
100 1000004  0 0.825 0.175 
101 1010000  0 0.8975 0.1025 
101 1010001  0 0.0 1.0 
101 1010002  0 0.4475 0.5525 
101 1010003  1 0.4475 0.5525 
101 1010004  0 0.4575 0.5425 
102 1020000  0 0.805 0.195 
102 1020001  0 0.785 0.215 
102 1020002  0 0.7875 0.2125 
102 1020003  0 0.7975 0.2025 
102 1020004  1 0.8125 0.1875 
103 1030000  0 0.75 0.25 
103 1030001  0 0.845 0.155 
103 1030002  1 0.815 0.185 
103 1030003  0 0.78 0.22 
103 1030004  0 0.81 0.19 
104 1040000  0 0.9025 0.0975 
104 1040001  0 0.755 0.245 
104 1040002  1 0.825 0.175 
104 1040003  1 0.8525 0.1475 
104 1040004  0 0.83 0.17 
105 1050000  0 0.41 0.59 
105 1050001  0 0.4625 0.5375 
105 1050002  0 0.4125 0.5875 
105 1050003  0 0.425 0.575 
105 1050004  1 0.4525 0.5475 
106 1060000  0 0.5425 0.4575 
106 1060001  0 0.835 0.165 
106 1060002  1 0.68 0.32 
106 1060003  0 0.675 0.325 
106 1060004  0 0.6875 0.3125 
107 1070000  0 0.7275 0.2725 
107 1070001  0 0.59 0.41 
107 1070002  0 0.6625 0.3375 
107 1070003  1 0.67 0.33 
107 1070004  0 0.65 0.35 
108 1080000  0 0.865 0.135 
108 1080001  0 0.7425 0.2575 
108 1080002  0 0.78 0.22 
108 1080003  0 0.8075 0.1925 
108 1080004  1 0.8175 0.1825 
109 1090000  0 0.44 0.56 
109 1090001  0 0.845 0.155 
109 1090002  1 0.6375 0.3625 
109 1090003  1 0.64 0.36 
109 1090004  0 0.6625 0.3375 
110 1100000  1 0.8375 0.1625 
110 1100001  0 0.915 0.085 
110 1100002  0 0.86 0.14 
110 1100003  0 0.87 0.13 
110 1100004  1 0.8675 0.1325 
111 1110000  0 0.8425 0.1575 
111 1110001  0 0.5675 0.4325 
111 1110002  0 0.71 0.29 
111 1110003  0 0.705 0.295 
111 1110004  1 0.7325 0.2675 
112 1120000  0 0.8275 0.1725 
112 1120001  0 0.7425 0.2575 
112 1120002  0 0.79 0.21 
112 1120003  0 0.79 0.21 
112 1120004  1 0.7875 0.2125 
113 1130000  0 0.795 0.205 
113 1130001  1 0.0 1.0 
113 1130002  1 0.38 0.62 
113 1130003  0 0.375 0.625 
113 1130004  1 0.3975 0.6025 
114 1140000  0 0.935 0.065 
114 1140001  0 0.0 1.0 
114 1140002  1 0.465 0.535 
114 1140003  0 0.47 0.53 
114 1140004  0 0.4625 0.5375 
115 1150000  1 0.8575 0.1425 
115 1150001  0 0.7375 0.2625 
115 1150002  0 0.8275 0.1725 
115 1150003  0 0.8025 0.1975 
115 1150004  1 0.7825 0.2175 
116 1160000  0 0.8275 0.1725 
116 1160001  1 0.8775 0.1225 
116 1160002  1 0.8675 0.1325 
116 1160003  1 0.8825 0.1175 
116 1160004  0 0.8725 0.1275 
117 1170000  0 0.7225 0.2775 
117 1170001  1 0.6175 0.3825 
117 1170002  0 0.6525 0.3475 
117 1170003  0 0.68 0.32 
117 1170004  1 0.6625 0.3375 
118 1180000  0 0.8 0.2 
118 1180001  0 0.895 0.105 
118 1180002  0 0.8525 0.1475 
118 1180003  0 0.8725 0.1275 
118 1180004  1 0.8725 0.1275 
119 1190000  0 0.9275 0.0725 
119 1190001  0 0.8675 0.1325 
119 1190002  1 0.8925 0.1075 
119 1190003  0 0.875 0.125 
119 1190004  0 0.8825 0.1175 
120 1200000  1 0.6625 0.3375 
120 1200001  0 0.8475 0.1525 
120 1200002  0 0.74 0.26 
120 1200003  0 0.79 0.21 
120 1200004  1 0.7375 0.2625 
121 1210000  0 0.91 0.09 
121 1210001  1 0.615 0.385 
121 1210002  0 0.775 0.225 
121 1210003  0 0.76 0.24 
121 1210004  1 0.77 0.23 
122 1220000  0 0.8775 0.1225 
122 1220001  1 0.745 0.255 
122 1220002  1 0.825 0.175 
122 1220003  0 0.81 0.19 
122 1220004  0 0.8375 0.1625 
123 1230000  1 0.79 0.21 
123 1230001  1 0.8325 0.1675 
123 1230002  0 0.84 0.16 
123 1230003  0 0.82 0.18 
123 1230004  1 0.8325 0.1675 
124 1240000  0 0.7575 0.2425 
124 1240001  0 0.6625 0.3375 
124 1240002  0 0.7 0.3 
124 1240003  1 0.7075 0.2925 
124 1240004  0 0.725 0.275 
125 1250000  0 0.845 0.155 
125 1250001  1 0.85 0.15 
125 1250002  0 0.8325 0.1675 
125 1250003  1 0.84 0.16 
125 1250004  0 0.8375 0.1625 
126 1260000  0 0.7525 0.2475 
126 1260001  0 0.755 0.245 
126 1260002  1 0.745 0.255 
126 1260003  0 0.7775 0.2225 
126 1260004  0 0.745 0.255 
127 1270000  0 0.8575 0.1425 
127 1270001  0 0.765 0.235 
127 1270002  0 0.805 0.195 
127 1270003  1 0.8 0.2 
127 1270004  0 0.79 0.21 
128 1280000  1 0.935 0.065 
128 1280001  0 0.89 0.11 
128 1280002  1 0.9175 0.0825 
128 1280003  1 0.9075 0.0925 
128 1280004  1 0.91 0.09 
129 1290000  1 0.3775 0.6225 
129 1290001  0 0.835 0.165 
129 1290002  0 0.6025 0.3975 
129 1290003  0 0.6475 0.3525 
129 1290004  1 0.615 0.385 
130 1300000  0 0.87 0.13 
130 1300001  0 0.9025 0.0975 
130 1300002  0 0.89 0.11 
130 1300003  1 0.8925 0.1075 
130 1300004  0 0.885 0.115 
131 1310000  0 0.82 0.18 
131 1310001  1 0.885 0.115 
131 1310002  0 0.85 0.15 
131 1310003  0 0.8425 0.1575 
131 1310004  1 0.8225 0.1775 
132 1320000  0 0.7775 0.2225 
132 1320001  1 0.7675 0.2325 
132 1320002  1 0.76 0.24 
132 1320003  1 0.775 0.225 
132 1320004  0 0.7575 0.2425 
133 1330000  1 0.8025 0.1975 
133 1330001  0 0.8225 0.1775 
133 1330002  0 0.8025 0.1975 
133 1330003  1 0.815 0.185 
133 1330004  0 0.8125 0.1875 
134 1340000  0 0.7225 0.2775 
134 1340001  1 0.92 0.08 
134 1340002  0 0.82 0.18 
134 1340003  0 0.8525 0.1475 
134 1340004  1 0.8175 0.1825 
135 1350000  1 0.8575 0.1425 
135 1350001  0 0.8975 0.1025 
135 1350002  1 0.89 0.11 
135 1350003  0 0.8825 0.1175 
135 1350004  0 0.875 0.125 
136 1360000  1 0.84 0.16 
136 1360001  0 0.3825 0.6175 
136 1360002  1 0.5975 0.4025 
136 1360003  0 0.635 0.365 
136 1360004  0 0.605 0.395 
137 1370000  1 0.7275 0.2725 
137 1370001  1 0.93 0.07 
137 1370002  0 0.815 0.185 
137 1370003  1 0.81 0.19 
137 1370004  0 0.8425 0.1575 
138 1380000  0 0.705 0.295 
138 1380001  0 0.93 0.07 
138 1380002  0 0.82 0.18 
138 1380003  0 0.82 0.18 
138 1380004  1 0.8 0.2 
139 1390000  0 0.905 0.095 
139 1390001  1 0.735 0.265 
139 1390002  1 0.825 0.175 
139 1390003  1 0.8075 0.1925 
139 1390004  0 0.81 0.19 
140 1400000  0 0.85 0.15 
140 1400001  0 0.93 0.07 
140 1400002  1 0.87 0.13 
140 1400003  0 0.9025 0.0975 
140 1400004  0 0.865 0.135 
141 1410000  1 0.7 0.3 
141 1410001  0 0.9075 0.0925 
141 1410002  1 0.81 0.19 
141 1410003  0 0.825 0.175 
141 1410004  0 0.805 0.195 
142 1420000  0 0.5575 0.4425 
142 1420001  0 0.4425 0.5575 
142 1420002  0 0.48 0.52 
142 1420003  1 0.4625 0.5375 
142 1420004  0 0.465 0.535 
143 1430000  0 0.925 0.075 
143 1430001  0 0.77 0.23 
143 1430002  1 0.85 0.15 
143 1430003  0 0.825 0.175 
143 1430004  0 0.86 0.14 
144 1440000  0 0.9125 0.0875 
144 1440001  0 0.5825 0.4175 
144 1440002  0 0.73 0.27 
144 1440003  1 0.7625 0.2375 
144 1440004  0 0.7375 0.2625 
145 1450000  1 0.885 0.115 
145 1450001  0 0.81 0.19 
145 1450002  1 0.825 0.175 
145 1450003  0 0.825 0.175 
145 1450004  0 0.85 0.15 
146 1460000  1 0.0 1.0 
146 1460001  1 0.755 0.245 
146 1460002  1 0.36 0.64 
146 1460003  0 0.3525 0.6475 
146 1460004  1 0.395 0.605 
147 1470000  0 0.69 0.31 
147 1470001  0 0.7975 0.2025 
147 1470002  0 0.7325 0.2675 
147 1470003  1 0.76 0.24 
147 1470004  0 0.725 0.275 
148 1480000  0 0.86 0.14 
148 1480001  1 0.82 0.18 
148 1480002  0 0.8425 0.1575 
148 1480003  0 0.8675 0.1325 
148 1480004  1 0.8475 0.1525 
149 1490000  0 0.905 0.095 
149 1490001  0 0.7675 0.2325 
149 1490002  1 0.835 0.165 
149 1490003  0 0.835 0.165 
149 1490004  0 0.815 0.185 
150 1500000  1 0.585 0.415 
150 1500001  0 0.92 0.08 
150 1500002  1 0.785 0.215 
150 1500003  0 0.76 0.24 
150 1500004  0 0.75 0.25 
151 1510000  0 0.925 0.075 
151 1510001  0 0.7475 0.2525 
151 1510002  0 0.8325 0.1675 
151 1510003  1 0.825 0.175 
151 1510004  0 0.8375 0.1625 
152 1520000  0 0.82 0.18 
152 1520001  0 0.865 0.135 
152 1520002  0 0.83 0.17 
152 1520003  1 0.855 0.145 
152 1520004  0 0.8475 0.1525 
153 1530000  0 0.7925 0.2075 
153 1530001  0 0.6775 0.3225 
153 1530002  0 0.6925 0.3075 
153 1530003  0 0.7275 0.2725 
153 1530004  1 0.7525 0.2475 
154 1540000  0 0.85 0.15 
154 1540001  0 0.8625 0.1375 
154 1540002  0 0.865 0.135 
154 1540003  1 0.85 0.15 
154 1540004  0 0.8425 0.1575 
155 1550000  1 0.915 0.085 
155 1550001  0 0.88 0.12 
155 1550002  0 0.905 0.095 
155 1550003  1 0.8925 0.1075 
155 1550004  0 0.8825 0.1175 
156 1560000  0 0.67 0.33 
156 1560001  0 0.855 0.145 
156 1560002  1 0.765 0.235 
156 1560003  0 0.775 0.225 
156 1560004  0 0.76 0.24 
157 1570000  1 0.84 0.16 
157 1570001  0 0.82 0.18 
157 1570002  1 0.815 0.185 
157 1570003  0 0.8025 0.1975 
157 1570004  1 0.825 0.175 
158 1580000  0 0.9225 0.0775 
158 1580001  0 0.6525 0.3475 
158 1580002  1 0.79 0.21 
158 1580003  1 0.7775 0.2225 
158 1580004  1 0.79 0.21 
159 1590000  0 0.67 0.33 
159 1590001  0 0.915 0.085 
159 1590002  0 0.7825 0.2175 
159 1590003  1 0.82 0.18 
159 1590004  0 0.79 0.21 
160 1600000  1 0.7825 0.2175 
160 1600001  0 0.7975 0.2025 
160 1600002  0 0.7875 0.2125 
160 1600003  0 0.7775 0.2225 
160 1600004  1 0.7775 0.2225 
161 1610000  0 0.935 0.065 
161 1610001  1 0.87 0.13 
161 1610002  1 0.9325 0.0675 
161 1610003  0 0.895 0.105 
161 1610004  0 0.8925 0.1075 
162 1620000  0 0.7675 0.2325 
162 1620001  0 0.9175 0.0825 
162 1620002  0 0.84 0.16 
162 1620003  1 0.8275 0.1725 
162 1620004  0 0.8325 0.1675 
163 1630000  0 0.92 0.08 
163 1630001  0 0.755 0.245 
163 1630002  1 0.8175 0.1825 
163 1630003  0 0.8275 0.1725 
163 1630004  0 0.85 0.15 
164 1640000  1 0.8875 0.1125 
164 1640001  1 0.8775 0.1225 
164 1640002  0 0.8775 0.1225 
164 1640003  1 0.8925 0.1075 
164 1640004  0 0.9 0.1 
165 1650000  1 0.745 0.255 
165 1650001  1 0.83 0.17 
165 1650002  1 0.79 0.21 
165 1650003  0 0.7875 0.2125 
165 1650004  0 0.8025 0.1975 
166 1660000  0 0.84 0.16 
166 1660001  1 0.845 0.155 
166 1660002  1 0.83 0.17 
166 1660003  1 0.8225 0.1775 
166 1660004  0 0.8425 0.1575 
167 1670000  1 0.915 0.085 
167 1670001  0 0.9075 0.0925 
167 1670002  1 0.91 0.09 
167 1670003  1 0.92 0.08 
167 1670004  0 0.91 0.09 
168 1680000  1 0.0 1.0 
168 1680001  0 0.8875 0.1125 
168 1680002  0 0.4375 0.5625 
168 1680003  1 0.4475 0.5525 
168 1680004  0 0.44 0.56 
169 1690000  0 0.9 0.1 
169 1690001  1 0.6625 0.3375 
169 1690002  0 0.795 0.205 
169 1690003  1 0.76 0.24 
169 1690004  0 0.7725 0.2275 
170 1700000  1 0.7075 0.2925 
170 1700001  0 0.715 0.285 
170 1700002  0 0.7375 0.2625 
170 1700003  0 0.7275 0.2725 
170 1700004  1 0.7125 0.2875 
171 1710000  0 0.765 0.235 
171 1710001  0 0.655 0.345 
171 1710002  0 0.725 0.275 
171 1710003  0 0.715 0.285 
171 1710004  1 0.7125 0.2875 
172 1720000  0 0.8225 0.1775 
172 1720001  0 0.9175 0.0825 
172 1720002  0 0.865 0.135 
172 1720003  1 0.8725 0.1275 
172 1720004  1 0.865 0.135 
173 1730000  0 0.8175 0.1825 
173 1730001  0 0.3225 0.6775 
173 1730002  0 0.555 0.445 
173 1730003  1 0.5625 0.4375 
173 1730004  0 0.5625 0.4375 
174 1740000  0 0.88 0.12 
174 1740001  0 0.7925 0.2075 
174 1740002  1 0.84 0.16 
174 1740003  0 0.8475 0.1525 
174 1740004  0 0.84 0.16 
175 1750000  0 0.8025 0.1975 
175 1750001  0 0.4175 0.5825 
175 1750002  0 0.575 0.425 
175 1750003  0 0.6275 0.3725 
175 1750004  1 0.6 0.4 
176 1760000  0 0.8225 0.1775 
176 1760001  0 0.8675 0.1325 
176 1760002  1 0.85 0.15 
176 1760003  0 0.825 0.175 
176 1760004  0 0.8425 0.1575 
177 1770000  0 0.935 0.065 
177 1770001  1 0.9125 0.0875 
177 1770002  0 0.9325 0.0675 
177 1770003  1 0.9075 0.0925 
177 1770004  0 0.915 0.085 
178 1780000  1 0.79 0.21 
178 1780001  0 0.915 0.085 
178 1780002  0 0.8475 0.1525 
178 1780003  1 0.84 0.16 
178 1780004  0 0.8525 0.1475 
179 1790000  0 0.745 0.255 
179 1790001  1 0.8 0.2 
179 1790002  1 0.7725 0.2275 
179 1790003  0 0.785 0.215 
179 1790004  0 0.75 0.25 
180 1800000  0 0.9 0.1 
180 1800001  0 0.8775 0.1225 
180 1800002  1 0.8675 0.1325 
180 1800003  0 0.89 0.11 
180 1800004  1 0.89 0.11 
181 1810000  1 0.925 0.075 
181 1810001  0 0.865 0.135 
181 1810002  0 0.9025 0.0975 
181 1810003  1 0.8875 0.1125 
181 1810004  0 0.875 0.125 
182 1820000  0 0.87 0.13 
182 1820001  0 0.955 0.045 
182 1820002  0 0.9125 0.0875 
182 1820003  1 0.915 0.085 
182 1820004  1 0.9225 0.0775 
183 1830000  0 0.805 0.195 
183 1830001  0 0.77 0.23 
183 1830002  0 0.7925 0.2075 
183 1830003  0 0.7875 0.2125 
183 1830004  1 0.7925 0.2075 
184 1840000  0 0.9575 0.0425 
184 1840001  0 0.8975 0.1025 
184 1840002  0 0.9325 0.0675 
184 1840003  0 0.9275 0.0725 
184 1840004  1 0.95 0.05 
185 1850000  0 0.7025 0.2975 
185 1850001  0 0.78 0.22 
185 1850002  0 0.74 0.26 
185 1850003  0 0.7425 0.2575 
185 1850004  1 0.7325 0.2675 
186 1860000  0 0.865 0.135 
186 1860001  0 0.845 0.155 
186 1860002  0 0.8475 0.1525 
186 1860003  0 0.87 0.13 
186 1860004  1 0.87 0.13 
187 1870000  1 0.7575 0.2425 
187 1870001  1 0.8475 0.1525 
187 1870002  0 0.8175 0.1825 
187 1870003  0 0.7875 0.2125 
187 1870004  1 0.7975 0.2025 
188 1880000  0 0.365 0.635 
188 1880001  0 0.7725 0.2275 
188 1880002  0 0.5825 0.4175 
188 1880003  0 0.585 0.415 
188 1880004  1 0.5475 0.4525 
189 1890000  0 0.9475 0.0525 
189 1890001  0 0.425 0.575 
189 1890002  0 0.69 0.31 
189 1890003  0 0.685 0.315 
189 1890004  1 0.675 0.325 
190 1900000  0 0.715 0.285 
190 1900001  1 0.825 0.175 
190 1900002  0 0.77 0.23 
190 1900003  0 0.7625 0.2375 
190 1900004  1 0.765 0.235 
191 1910000  0 0.915 0.085 
191 1910001  0 0.6425 0.3575 
191 1910002  0 0.7875 0.2125 
191 1910003  1 0.79 0.21 
191 1910004  0 0.7825 0.2175 
192 1920000  0 0.7925 0.2075 
192 1920001  1 0.845 0.155 
192 1920002  1 0.835 0.165 
192 1920003  0 0.82 0.18 
192 1920004  1 0.8225 0.1775 
193 1930000  1 0.34 0.66 
193 1930001  1 0.925 0.075 
193 1930002  1 0.605 0.395 
193 1930003  0 0.615 0.385 
193 1930004  0 0.6025 0.3975 
194 1940000  0 0.575 0.425 
194 1940001  0 0.9025 0.0975 
194 1940002  0 0.745 0.255 
194 1940003  1 0.7375 0.2625 
194 1940004  1 0.7625 0.2375 
195 1950000  0 0.8575 0.1425 
195 1950001  0 0.4475 0.5525 
195 1950002  1 0.6325 0.3675 
195 1950003  1 0.6725 0.3275 
195 1950004  0 0.66 0.34 
196 1960000  1 0.0 1.0 
196 1960001  0 0.89 0.11 
196 1960002  1 0.4525 0.5475 
196 1960003  0 0.4475 0.5525 
196 1960004  0 0.45 0.55 
197 1970000  0 0.9225 0.0775 
197 1970001  0 0.8025 0.1975 
197 1970002  0 0.8525 0.1475 
197 1970003  0 0.88 0.12 
197 1970004  1 0.8475 0.1525 
198 1980000  0 0.8175 0.1825 
198 1980001  0 0.76 0.24 
198 1980002  1 0.7975 0.2025 
198 1980003  0 0.79 0.21 
198 1980004  0 0.805 0.195 
199 1990000  0 0.905 0.095 
199 1990001  0 0.69 0.31 
199 1990002  0 0.8 0.2 
199 1990003  0 0.775 0.225 
199 1990004  1 0.8 0.2 
200 2000000  1 0.8775 0.1225 
200 2000001  0 0.86 0.14 
200 2000002  1 0.875 0.125 
200 2000003  1 0.875 0.125 
200 2000004  0 0.87 0.13 
201 2010003  0 0.715 0.285 
202 2020003  0 0.7375 0.2625 
203 2030003  0 0.74 0.26 
204 2040003  0 0.5375 0.4625 
205 2050003  0 0.76 0.24 
206 2060003  0 0.93 0.07 
207 2070003  0 0.63 0.37 
208 2080003  0 0.495 0.505 
209 2090003  0 0.8225 0.1775 
210 2100003  0 0.84 0.16 
211 2110003  0 0.7525 0.2475 
212 2120003  0 0.87 0.13 
213 2130003  0 0.84 0.16 
214 2140003  0 0.705 0.295 
215 2150003  0 0.8125 0.1875 
216 2160003  1 0.845 0.155 
217 2170003  0 0.76 0.24 
218 2180003  0 0.74 0.26 
219 2190003  0 0.685 0.315 
220 2200003  0 0.88 0.12 
221 2210003  1 0.855 0.145 
222 2220003  0 0.615 0.385 
223 2230003  0 0.91 0.09 
224 2240003  1 0.8675 0.1325 
225 2250003  0 0.85 0.15 
226 2260003  0 0.7625 0.2375 
227 2270003  0 0.69 0.31 
228 2280003  1 0.8 0.2 
229 2290003  0 0.7325 0.2675 
230 2300003  0 0.67 0.33 
231 2310003  0 0.87 0.13 
232 2320003  0 0.775 0.225 
233 2330003  0 0.845 0.155 
234 2340003  0 0.7375 0.2625 
235 2350003  0 0.8175 0.1825 
236 2360003  0 0.7175 0.2825 
237 2370003  1 0.7575 0.2425 
238 2380003  0 0.8075 0.1925 
239 2390003  0 0.8525 0.1475 
240 2400003  1 0.845 0.155 
241 2410003  0 0.9025 0.0975 
242 2420003  0 0.84 0.16 
243 2430003  0 0.915 0.085 
244 2440003  0 0.8925 0.1075 
245 2450003  0 0.7375 0.2625 
246 2460003  1 0.9175 0.0825 
247 2470003  0 0.875 0.125 
248 2480003  0 0.855 0.145 
249 2490003  1 0.885 0.115 
250 2500003  0 0.7525 0.2475 
251 2510003  0 0.7425 0.2575 
252 2520003  0 0.82 0.18 
253 2530003  0 0.87 0.13 
254 2540003  0 0.8625 0.1375 
255 2550003  0 0.6975 0.3025 
256 2560003  0 0.81 0.19 
257 2570003  0 0.715 0.285 
258 2580003  1 0.7375 0.2625 
259 2590003  0 0.87 0.13 
260 2600003  0 0.775 0.225 
261 2610003  0 0.8725 0.1275 
262 2620003  0 0.83 0.17 
263 2630003  0 0.6725 0.3275 
264 2640003  0 0.7575 0.2425 
265 2650003  0 0.8475 0.1525 
266 2660003  0 0.75 0.25 
267 2670003  0 0.87 0.13 
268 2680003  0 0.86 0.14 
269 2690003  0 0.8525 0.1475 
270 2700003  0 0.4175 0.5825 
271 2710003  0 0.825 0.175 
272 2720003  0 0.6925 0.3075 
273 2730003  0 0.575 0.425 
274 2740003  0 0.655 0.345 
275 2750003  0 0.835 0.165 
276 2760003  0 0.78 0.22 
277 2770003  0 0.75 0.25 
278 2780003  0 0.71 0.29 
279 2790003  1 0.68 0.32 
280 2800003  0 0.835 0.165 
281 2810003  0 0.555 0.445 
282 2820003  0 0.8175 0.1825 
283 2830003  0 0.855 0.145 
284 2840003  1 0.8125 0.1875 
285 2850003  0 0.785 0.215 
286 2860003  1 0.825 0.175 
287 2870003  0 0.8275 0.1725 
288 2880003  0 0.8625 0.1375 
289 2890003  0 0.9 0.1 
290 2900003  0 0.8275 0.1725 
291 2910003  0 0.81 0.19 
292 2920003  0 0.8975 0.1025 
293 2930003  0 0.92 0.08 
294 2940003  0 0.6175 0.3825 
295 2950003  1 0.8375 0.1625 
296 2960003  0 0.6025 0.3975 
297 2970003  0 0.8925 0.1075 
298 2980003  0 0.6625 0.3375 
299 2990003  0 0.8375 0.1625 
300 3000003  1 0.715 0.285 
301 3010003  0 0.895 0.105 
302 3020003  0 0.835 0.165 
303 3030003  1 0.855 0.145 
304 3040003  1 0.3975 0.6025 
305 3050003  0 0.7625 0.2375 
306 3060003  0 0.785 0.215 
307 3070003  0 0.72 0.28 
308 3080003  0 0.8725 0.1275 
309 3090003  0 0.795 0.205 
310 3100003  1 0.8825 0.1175 
311 3110003  0 0.7975 0.2025 
312 3120003  0 0.8025 0.1975 
313 3130003  0 0.4275 0.5725 
314 3140003  0 0.755 0.245 
315 3150003  1 0.8575 0.1425 
316 3160003  0 0.775 0.225 
317 3170003  0 0.7625 0.2375 
318 3180003  0 0.7825 0.2175 
319 3190003  0 0.8175 0.1825 
320 3200003  0 0.84 0.16 
321 3210003  1 0.8 0.2 
322 3220003  0 0.92 0.08 
323 3230003  1 0.7775 0.2225 
324 3240003  1 0.905 0.095 
325 3250003  0 0.7875 0.2125 
326 3260003  1 0.6325 0.3675 
327 3270003  0 0.87 0.13 
328 3280003  1 0.67 0.33 
329 3290003  0 0.6925 0.3075 
330 3300003  0 0.64 0.36 
331 3310003  0 0.835 0.165 
332 3320003  0 0.89 0.11 
333 3330003  0 0.835 0.165 
334 3340003  1 0.8125 0.1875 
335 3350003  0 0.625 0.375 
336 3360003  1 0.7725 0.2275 
337 3370003  0 0.3225 0.6775 
338 3380003  0 0.865 0.135 
339 3390003  0 0.8375 0.1625 
340 3400003  0 0.4475 0.5525 
341 3410003  0 0.7375 0.2625 
342 3420003  0 0.5375 0.4625 
343 3430003  0 0.2875 0.7125 
344 3440003  0 0.8 0.2 
345 3450003  0 0.355 0.645 
346 3460003  0 0.8025 0.1975 
347 3470003  0 0.72 0.28 
348 3480003  0 0.9125 0.0875 
349 3490003  0 0.84 0.16 
350 3500003  0 0.65 0.35 
351 3510003  0 0.705 0.295 
352 3520003  0 0.7875 0.2125 
353 3530003  0 0.875 0.125 
354 3540003  1 0.89 0.11 
355 3550003  0 0.8425 0.1575 
356 3560003  0 0.925 0.075 
357 3570003  0 0.79 0.21 
358 3580003  1 0.875 0.125 
359 3590003  0 0.8875 0.1125 
360 3600003  1 0.825 0.175 
361 3610003  0 0.905 0.095 
362 3620003  0 0.89 0.11 
363 3630003  0 0.86 0.14 
364 3640003  0 0.8675 0.1325 
365 3650003  1 0.455 0.545 
366 3660003  0 0.8525 0.1475 
367 3670003  1 0.81 0.19 
368 3680003  0 0.84 0.16 
369 3690003  0 0.7525 0.2475 
370 3700003  1 0.8275 0.1725 
371 3710003  1 0.845 0.155 
372 3720003  0 0.7625 0.2375 
373 3730003  0 0.785 0.215 
374 3740003  0 0.8225 0.1775 
375 3750003  0 0.79 0.21 
376 3760003  0 0.865 0.135 
377 3770003  0 0.8825 0.1175 
378 3780003  1 0.8925 0.1075 
379 3790003  0 0.835 0.165 
380 3800003  0 0.87 0.13 
381 3810003  0 0.8625 0.1375 
382 3820003  1 0.84 0.16 
383 3830003  0 0.8875 0.1125 
384 3840003  1 0.66 0.34 
385 3850003  1 0.8525 0.1475 
386 3860003  1 0.7725 0.2275 
387 3870003  0 0.6375 0.3625 
388 3880003  0 0.6875 0.3125 
389 3890003  0 0.7725 0.2275 
390 3900003  0 0.765 0.235 
391 3910003  0 0.725 0.275 
392 3920003  1 0.46 0.54 
393 3930003  0 0.84 0.16 
394 3940003  0 0.795 0.205 
395 3950003  0 0.805 0.195 
396 3960003  0 0.585 0.415 
397 3970003  0 0.8675 0.1325 
398 3980003  0 0.8 0.2 
399 3990003  0 0.845 0.155 
400 4000003  0 0.805 0.195 
401 4010003  0 0.85 0.15 
402 4020003  0 0.7575 0.2425 
403 4030003  1 0.865 0.135 
404 4040003  0 0.88 0.12 
405 4050003  0 0.8575 0.1425 
406 4060003  1 0.815 0.185 
407 4070003  0 0.8325 0.1675 
408 4080003  0 0.86 0.14 
409 4090003  0 0.8575 0.1425 
410 4100003  0 0.8525 0.1475 
411 4110003  0 0.57 0.43 
412 4120003  0 0.87 0.13 
413 4130003  0 0.705 0.295 
414 4140003  1 0.86 0.14 
415 4150003  0 0.87 0.13 
416 4160003  1 0.805 0.195 
417 4170003  0 0.7825 0.2175 
418 4180003  0 0.7075 0.2925 
419 4190003  0 0.7325 0.2675 
420 4200003  0 0.75 0.25 
421 4210003  1 0.705 0.295 
422 4220003  1 0.845 0.155 
423 4230003  0 0.8625 0.1375 
424 4240003  0 0.895 0.105 
425 4250003  0 0.8875 0.1125 
426 4260003  0 0.785 0.215 
427 4270003  1 0.4075 0.5925 
428 4280003  0 0.68 0.32 
429 4290003  0 0.88 0.12 
430 4300003  0 0.64 0.36 
431 4310003  0 0.825 0.175 
432 4320003  0 0.7575 0.2425 
433 4330003  1 0.8625 0.1375 
434 4340003  0 0.5775 0.4225 
435 4350003  0 0.8675 0.1325 
436 4360003  0 0.7575 0.2425 
437 4370003  0 0.87 0.13 
438 4380003  0 0.845 0.155 
439 4390003  0 0.805 0.195 
440 4400003  0 0.81 0.19 
441 4410003  0 0.7 0.3 
442 4420003  1 0.8275 0.1725 
443 4430003  0 0.8075 0.1925 
444 4440003  0 0.855 0.145 
445 4450003  0 0.6625 0.3375 
446 4460003  1 0.82 0.18 
447 4470003  0 0.8625 0.1375 
448 4480003  1 0.835 0.165 
449 4490003  1 0.63 0.37 
450 4500003  1 0.8025 0.1975 
451 4510003  0 0.6 0.4 
452 4520003  1 0.7825 0.2175 
453 4530003  1 0.835 0.165 
454 4540003  1 0.7975 0.2025 
455 4550003  1 0.805 0.195 
456 4560003  1 0.4425 0.5575 
457 4570003  1 0.845 0.155 
458 4580003  1 0.3975 0.6025 
459 4590003  1 0.7475 0.2525 
460 4600003  1 0.8475 0.1525 
461 4610003  1 0.7775 0.2225 
462 4620003  1 0.8275 0.1725 
463 4630003  1 0.825 0.175 
464 4640003  1 0.83 0.17 
465 4650003  1 0.8575 0.1425 
466 4660003  1 0.6875 0.3125 
467 4670003  1 0.755 0.245 
468 4680003  1 0.7675 0.2325 
469 4690003  1 0.525 0.475 
470 4700003  1 0.6425 0.3575 
471 4710003  1 0.695 0.305 
472 4720003  1 0.82 0.18 
473 4730003  1 0.895 0.105 
474 4740003  1 0.615 0.385 
475 4750003  1 0.6525 0.3475 
476 4760003  1 0.805 0.195 
477 4770003  1 0.7975 0.2025 
478 4780003  1 0.66 0.34 
479 4790003  1 0.6675 0.3325 
480 4800003  1 0.6925 0.3075 
481 4810003  1 0.92 0.08 
482 4820003  1 0.895 0.105 
483 4830003  1 0.8325 0.1675 
484 4840003  1 0.6525 0.3475 
485 4850003  1 0.9075 0.0925 
486 4860003  1 0.85 0.15 
487 4870003  1 0.68 0.32 
488 4880003  1 0.84 0.16 
489 4890003  1 0.8875 0.1125 
490 4900003  1 0.6275 0.3725 
491 4910003  1 0.73 0.27 
492 4920003  1 0.91 0.09 
493 4930003  1 0.835 0.165 
494 4940003  1 0.8425 0.1575 
495 4950003  1 0.8775 0.1225 
496 4960003  1 0.765 0.235 
497 4970003  1 0.7825 0.2175 
498 4980003  1 0.7925 0.2075 
499 4990003  1 0.675 0.325 
500 5000003  1 0.8025 0.1975 
501 5010003  1 0.7 0.3 
502 5020003  1 0.8275 0.1725 
503 5030003  1 0.895 0.105 
504 5040003  1 0.8375 0.1625 
505 5050003  1 0.685 0.315 
506 5060003  1 0.745 0.255 
507 5070003  1 0.8525 0.1475 
508 5080003  1 0.9075 0.0925 
509 5090003  1 0.6525 0.3475 
510 5100003  1 0.5775 0.4225 
511 5110003  1 0.6325 0.3675 
512 5120003  1 0.8275 0.1725 
513 5130003  1 0.7225 0.2775 
514 5140003  1 0.84 0.16 
515 5150003  1 0.8325 0.1675 
516 5160003  1 0.76 0.24 
517 5170003  1 0.7825 0.2175 
518 5180003  1 0.515 0.485 
519 5190003  1 0.84 0.16 
520 5200003  1 0.92 0.08 
521 5210003  1 0.6875 0.3125 
522 5220003  1 0.8825 0.1175 
523 5230003  1 0.75 0.25 
524 5240003  1 0.8575 0.1425 
525 5250003  1 0.8125 0.1875 
526 5260003  1 0.3825 0.6175 
527 5270003  1 0.8525 0.1475 
528 5280003  1 0.91 0.09 
529 5290003  1 0.86 0.14 
530 5300003  1 0.8825 0.1175 
531 5310003  1 0.8675 0.1325 
532 5320003  1 0.9025 0.0975 
533 5330003  1 0.8925 0.1075 
534 5340003  1 0.7625 0.2375 
535 5350003  1 0.5825 0.4175 
536 5360003  1 0.9 0.1 
537 5370003  1 0.92 0.08 
538 5380003  1 0.63 0.37 
539 5390003  1 0.78 0.22 
540 5400003  1 0.825 0.175 
541 5410003  1 0.8625 0.1375 
542 5420003  1 0.82 0.18 
543 5430003  1 0.765 0.235 
544 5440003  1 0.7775 0.2225 
545 5450003  1 0.8575 0.1425 
546 5460003  1 0.835 0.165 
547 5470003  1 0.8925 0.1075 
548 5480003  1 0.81 0.19 
549 5490003  1 0.8525 0.1475 
550 5500003  1 0.9 0.1 
551 5510003  1 0.8125 0.1875 
552 5520003  1 0.8575 0.1425 
553 5530003  1 0.81 0.19 
554 5540003  1 0.745 0.255 
555 5550003  1 0.9025 0.0975 
556 5560003  1 0.885 0.115 
557 5570003  1 0.745 0.255 
558 5580003  1 0.8375 0.1625 
559 5590003  1 0.83 0.17 
560 5600003  1 0.8425 0.1575 
561 5610003  1 0.7125 0.2875 
562 5620003  1 0.8775 0.1225 
563 5630003  1 0.545 0.455 
564 5640003  1 0.8025 0.1975 
565 5650003  1 0.69 0.31 
566 5660003  1 0.745 0.255 
567 5670003  1 0.8875 0.1125 
568 5680003  1 0.7125 0.2875 
569 5690003  1 0.7825 0.2175 
570 5700003  1 0.71 0.29 
571 5710003  1 0.87 0.13 
572 5720003  1 0.735 0.265 
573 5730003  1 0.7875 0.2125 
574 5740003  1 0.705 0.295 
575 5750003  1 0.8325 0.1675 
576 5760003  1 0.88 0.12 
577 5770003  1 0.7525 0.2475 
578 5780003  1 0.845 0.155 
579 5790003  1 0.77 0.23 
580 5800003  1 0.7875 0.2125 
581 5810003  1 0.62 0.38 
582 5820003  1 0.765 0.235 
583 5830003  1 0.725 0.275 
584 5840003  1 0.71 0.29 
585 5850003  1 0.8725 0.1275 
586 5860003  1 0.905 0.095 
587 5870003  1 0.8175 0.1825 
588 5880003  1 0.825 0.175 
589 5890003  1 0.725 0.275 
590 5900003  1 0.805 0.195 
591 5910003  1 0.915 0.085 
592 5920003  1 0.7425 0.2575 
593 5930003  1 0.35 0.65 
594 5940003  1 0.88 0.12 
595 5950003  1 0.89 0.11 
596 5960003  1 0.385 0.615 
597 5970003  1 0.67 0.33 
598 5980003  1 0.8325 0.1675 
599 5990003  1 0.8325 0.1675 
600 6000003  1 0.8525 0.1475 
