FID ID phe0 phe1 phe2 
1 10000  0 0.8875 0.1125 
1 10001  0 0.875 0.125 
1 10002  1 0.87 0.13 
1 10003  1 0.88 0.12 
1 10004  1 0.8725 0.1275 
2 20000  0 0.6325 0.3675 
2 20001  0 0.69 0.31 
2 20002  0 0.68 0.32 
2 20003  0 0.66 0.34 
2 20004  1 0.665 0.335 
3 30000  0 0.865 0.135 
3 30001  1 0.8025 0.1975 
3 30002  1 0.8625 0.1375 
3 30003  0 0.8325 0.1675 
3 30004  1 0.8375 0.1625 
4 40000  1 0.7725 0.2275 
4 40001  0 0.76 0.24 
4 40002  1 0.7525 0.2475 
4 40003  0 0.775 0.225 
4 40004  0 0.775 0.225 
5 50000  1 0.805 0.195 
5 50001  0 0.77 0.23 
5 50002  0 0.8175 0.1825 
5 50003  0 0.7925 0.2075 
5 50004  1 0.7525 0.2475 
6 60000  0 0.9025 0.0975 
6 60001  0 0.9025 0.0975 
6 60002  0 0.8875 0.1125 
6 60003  1 0.9025 0.0975 
6 60004  0 0.8975 0.1025 
7 70000  1 0.865 0.135 
7 70001  1 0.9 0.1 
7 70002  0 0.89 0.11 
7 70003  1 0.895 0.105 
7 70004  0 0.865 0.135 
8 80000  0 0.8675 0.1325 
8 80001  1 0.3825 0.6175 
8 80002  0 0.6225 0.3775 
8 80003  0 0.61 0.39 
8 80004  1 0.6325 0.3675 
9 90000  1 0.9 0.1 
9 90001  0 0.5375 0.4625 
9 90002  1 0.71 0.29 
9 90003  1 0.7075 0.2925 
9 90004  0 0.7425 0.2575 
10 100000  0 0.7025 0.2975 
10 100001  0 0.92 0.08 
10 100002  0 0.7825 0.2175 
10 100003  0 0.81 0.19 
10 100004  1 0.805 0.195 
11 110000  0 0.845 0.155 
11 110001  0 0.85 0.15 
11 110002  1 0.845 0.155 
11 110003  0 0.8575 0.1425 
11 110004  0 0.8625 0.1375 
12 120000  0 0.67 0.33 
12 120001  0 0.8975 0.1025 
12 120002  1 0.7675 0.2325 
12 120003  0 0.7875 0.2125 
12 120004  1 0.76 0.24 
13 130000  0 0.87 0.13 
13 130001  0 0.8975 0.1025 
13 130002  1 0.885 0.115 
13 130003  0 0.8725 0.1275 
13 130004  0 0.8925 0.1075 
14 140000  1 0.895 0.105 
14 140001  0 0.8975 0.1025 
14 140002  0 0.89 0.11 
14 140003  0 0.9025 0.0975 
14 140004  1 0.885 0.115 
15 150000  0 0.74 0.26 
15 150001  1 0.8275 0.1725 
15 150002  0 0.785 0.215 
15 150003  1 0.805 0.195 
15 150004  1 0.785 0.215 
16 160000  0 0.875 0.125 
16 160001  0 0.87 0.13 
16 160002  1 0.8475 0.1525 
16 160003  0 0.875 0.125 
16 160004  0 0.875 0.125 
17 170000  0 0.8875 0.1125 
17 170001  0 0.74 0.26 
17 170002  0 0.83 0.17 
17 170003  0 0.7925 0.2075 
17 170004  1 0.8175 0.1825 
18 180000  0 0.775 0.225 
18 180001  0 0.805 0.195 
18 180002  1 0.78 0.22 
18 180003  1 0.8275 0.1725 
18 180004  0 0.8075 0.1925 
19 190000  0 0.6975 0.3025 
19 190001  1 0.8625 0.1375 
19 190002  0 0.735 0.265 
19 190003  0 0.7625 0.2375 
19 190004  1 0.7825 0.2175 
20 200000  1 0.9275 0.0725 
20 200001  0 0.86 0.14 
20 200002  1 0.8975 0.1025 
20 200003  0 0.9 0.1 
20 200004  0 0.905 0.095 
21 210000  0 0.7025 0.2975 
21 210001  0 0.89 0.11 
21 210002  0 0.775 0.225 
21 210003  1 0.7825 0.2175 
21 210004  0 0.805 0.195 
22 220000  1 0.725 0.275 
22 220001  1 0.8275 0.1725 
22 220002  0 0.7925 0.2075 
22 220003  0 0.78 0.22 
22 220004  1 0.7825 0.2175 
23 230000  1 0.855 0.145 
23 230001  0 0.84 0.16 
23 230002  1 0.82 0.18 
23 230003  0 0.845 0.155 
23 230004  0 0.87 0.13 
24 240000  0 0.4425 0.5575 
24 240001  0 0.92 0.08 
24 240002  0 0.6625 0.3375 
24 240003  1 0.6825 0.3175 
24 240004  0 0.6675 0.3325 
25 250000  0 0.625 0.375 
25 250001  0 0.84 0.16 
25 250002  0 0.755 0.245 
25 250003  0 0.7225 0.2775 
25 250004  1 0.7175 0.2825 
26 260000  0 0.925 0.075 
26 260001  0 0.8375 0.1625 
26 260002  0 0.865 0.135 
26 260003  1 0.8825 0.1175 
26 260004  0 0.8975 0.1025 
27 270000  1 0.725 0.275 
27 270001  0 0.8375 0.1625 
27 270002  0 0.78 0.22 
27 270003  0 0.7775 0.2225 
27 270004  1 0.7575 0.2425 
28 280000  0 0.86 0.14 
28 280001  0 0.81 0.19 
28 280002  1 0.845 0.155 
28 280003  0 0.8275 0.1725 
28 280004  0 0.82 0.18 
29 290000  0 0.445 0.555 
29 290001  0 0.8025 0.1975 
29 290002  1 0.635 0.365 
29 290003  0 0.6075 0.3925 
29 290004  1 0.6125 0.3875 
30 300000  0 0.6675 0.3325 
30 300001  1 0.5525 0.4475 
30 300002  0 0.6125 0.3875 
30 300003  0 0.6525 0.3475 
30 300004  1 0.6175 0.3825 
31 310000  0 0.8775 0.1225 
31 310001  0 0.8475 0.1525 
31 310002  0 0.85 0.15 
31 310003  0 0.8675 0.1325 
31 310004  1 0.87 0.13 
32 320000  0 0.4825 0.5175 
32 320001  1 0.7 0.3 
32 320002  0 0.5925 0.4075 
32 320003  0 0.58 0.42 
32 320004  1 0.605 0.395 
33 330000  0 0.3575 0.6425 
33 330001  0 0.68 0.32 
33 330002  0 0.505 0.495 
33 330003  1 0.5 0.5 
33 330004  1 0.52 0.48 
34 340000  0 0.8975 0.1025 
34 340001  0 0.875 0.125 
34 340002  0 0.8875 0.1125 
34 340003  1 0.8825 0.1175 
34 340004  0 0.8675 0.1325 
35 350000  1 0.685 0.315 
35 350001  0 0.835 0.165 
35 350002  1 0.76 0.24 
35 350003  0 0.7625 0.2375 
35 350004  0 0.7825 0.2175 
36 360000  0 0.7 0.3 
36 360001  0 0.705 0.295 
36 360002  1 0.695 0.305 
36 360003  1 0.7 0.3 
36 360004  0 0.6775 0.3225 
37 370000  1 0.64 0.36 
37 370001  0 0.7725 0.2275 
37 370002  1 0.67 0.33 
37 370003  1 0.7125 0.2875 
37 370004  0 0.6925 0.3075 
38 380000  0 0.9275 0.0725 
38 380001  0 0.8425 0.1575 
38 380002  0 0.8725 0.1275 
38 380003  1 0.87 0.13 
38 380004  0 0.88 0.12 
39 390000  0 0.84 0.16 
39 390001  0 0.8875 0.1125 
39 390002  0 0.8675 0.1325 
39 390003  1 0.8575 0.1425 
39 390004  0 0.88 0.12 
40 400000  0 0.71 0.29 
40 400001  0 0.9325 0.0675 
40 400002  1 0.825 0.175 
40 400003  1 0.8125 0.1875 
40 400004  1 0.8275 0.1725 
41 410000  0 0.86 0.14 
41 410001  1 0.4575 0.5425 
41 410002  0 0.6975 0.3025 
41 410003  0 0.62 0.38 
41 410004  1 0.6675 0.3325 
42 420000  0 0.7725 0.2275 
42 420001  0 0.45 0.55 
42 420002  1 0.6025 0.3975 
42 420003  0 0.6125 0.3875 
42 420004  0 0.61 0.39 
43 430000  0 0.8875 0.1125 
43 430001  0 0.8975 0.1025 
43 430002  0 0.8875 0.1125 
43 430003  0 0.875 0.125 
43 430004  1 0.89 0.11 
44 440000  0 0.8925 0.1075 
44 440001  1 0.8375 0.1625 
44 440002  0 0.855 0.145 
44 440003  1 0.8675 0.1325 
44 440004  0 0.8525 0.1475 
45 450000  0 0.8225 0.1775 
45 450001  0 0.79 0.21 
45 450002  0 0.8075 0.1925 
45 450003  0 0.81 0.19 
45 450004  1 0.81 0.19 
46 460000  0 0.7325 0.2675 
46 460001  0 0.8475 0.1525 
46 460002  0 0.81 0.19 
46 460003  0 0.7675 0.2325 
46 460004  1 0.7875 0.2125 
47 470000  0 0.5975 0.4025 
47 470001  1 0.435 0.565 
47 470002  0 0.52 0.48 
47 470003  1 0.505 0.495 
47 470004  0 0.5325 0.4675 
48 480000  1 0.8675 0.1325 
48 480001  0 0.8975 0.1025 
48 480002  1 0.9075 0.0925 
48 480003  0 0.8625 0.1375 
48 480004  0 0.8825 0.1175 
49 490000  1 0.8925 0.1075 
49 490001  0 0.9225 0.0775 
49 490002  1 0.89 0.11 
49 490003  0 0.895 0.105 
49 490004  0 0.9075 0.0925 
50 500000  0 0.825 0.175 
50 500001  0 0.545 0.455 
50 500002  1 0.6775 0.3225 
50 500003  1 0.6425 0.3575 
50 500004  0 0.7125 0.2875 
51 510000  0 0.8575 0.1425 
51 510001  1 0.4575 0.5425 
51 510002  1 0.635 0.365 
51 510003  0 0.67 0.33 
51 510004  1 0.645 0.355 
52 520000  0 0.9225 0.0775 
52 520001  0 0.835 0.165 
52 520002  0 0.885 0.115 
52 520003  0 0.8825 0.1175 
52 520004  1 0.8775 0.1225 
53 530000  0 0.8 0.2 
53 530001  1 0.7625 0.2375 
53 530002  0 0.785 0.215 
53 530003  0 0.7825 0.2175 
53 530004  1 0.775 0.225 
54 540000  1 0.895 0.105 
54 540001  0 0.9075 0.0925 
54 540002  1 0.89 0.11 
54 540003  0 0.915 0.085 
54 540004  0 0.895 0.105 
55 550000  0 0.705 0.295 
55 550001  0 0.775 0.225 
55 550002  0 0.74 0.26 
55 550003  1 0.7175 0.2825 
55 550004  1 0.725 0.275 
56 560000  0 0.9 0.1 
56 560001  0 0.9325 0.0675 
56 560002  0 0.92 0.08 
56 560003  0 0.9125 0.0875 
56 560004  1 0.91 0.09 
57 570000  1 0.6925 0.3075 
57 570001  0 0.68 0.32 
57 570002  0 0.6875 0.3125 
57 570003  0 0.655 0.345 
57 570004  1 0.685 0.315 
58 580000  0 0.9 0.1 
58 580001  0 0.875 0.125 
58 580002  1 0.8875 0.1125 
58 580003  0 0.885 0.115 
58 580004  0 0.8875 0.1125 
59 590000  0 0.8125 0.1875 
59 590001  0 0.875 0.125 
59 590002  1 0.835 0.165 
59 590003  0 0.855 0.145 
59 590004  0 0.8425 0.1575 
60 600000  1 0.8325 0.1675 
60 600001  0 0.8325 0.1675 
60 600002  0 0.8325 0.1675 
60 600003  1 0.7875 0.2125 
60 600004  0 0.8375 0.1625 
61 610000  0 0.705 0.295 
61 610001  0 0.8675 0.1325 
61 610002  0 0.7875 0.2125 
61 610003  1 0.7975 0.2025 
61 610004  0 0.7875 0.2125 
62 620000  0 0.4625 0.5375 
62 620001  1 0.87 0.13 
62 620002  0 0.6775 0.3225 
62 620003  1 0.6625 0.3375 
62 620004  0 0.7025 0.2975 
63 630000  0 0.9075 0.0925 
63 630001  0 0.745 0.255 
63 630002  0 0.8225 0.1775 
63 630003  0 0.825 0.175 
63 630004  1 0.8 0.2 
64 640000  0 0.855 0.145 
64 640001  0 0.81 0.19 
64 640002  1 0.845 0.155 
64 640003  0 0.825 0.175 
64 640004  1 0.8375 0.1625 
65 650000  1 0.475 0.525 
65 650001  0 0.9075 0.0925 
65 650002  1 0.6825 0.3175 
65 650003  1 0.7025 0.2975 
65 650004  1 0.695 0.305 
66 660000  1 0.745 0.255 
66 660001  0 0.865 0.135 
66 660002  1 0.81 0.19 
66 660003  0 0.8275 0.1725 
66 660004  0 0.8025 0.1975 
67 670000  0 0.8925 0.1075 
67 670001  0 0.8825 0.1175 
67 670002  1 0.89 0.11 
67 670003  0 0.9175 0.0825 
67 670004  1 0.905 0.095 
68 680000  1 0.895 0.105 
68 680001  0 0.9025 0.0975 
68 680002  1 0.9075 0.0925 
68 680003  0 0.8925 0.1075 
68 680004  0 0.885 0.115 
69 690000  0 0.41 0.59 
69 690001  0 0.89 0.11 
69 690002  0 0.635 0.365 
69 690003  1 0.675 0.325 
69 690004  0 0.67 0.33 
70 700000  0 0.7725 0.2275 
70 700001  1 0.7175 0.2825 
70 700002  0 0.7425 0.2575 
70 700003  1 0.75 0.25 
70 700004  0 0.755 0.245 
71 710000  0 0.0 1.0 
71 710001  0 0.7925 0.2075 
71 710002  1 0.405 0.595 
71 710003  0 0.3975 0.6025 
71 710004  0 0.3825 0.6175 
72 720000  1 0.6975 0.3025 
72 720001  0 0.745 0.255 
72 720002  1 0.695 0.305 
72 720003  0 0.685 0.315 
72 720004  0 0.7125 0.2875 
73 730000  0 0.8325 0.1675 
73 730001  0 0.835 0.165 
73 730002  1 0.865 0.135 
73 730003  0 0.82 0.18 
73 730004  0 0.835 0.165 
74 740000  0 0.61 0.39 
74 740001  0 0.9625 0.0375 
74 740002  1 0.795 0.205 
74 740003  0 0.7675 0.2325 
74 740004  0 0.7775 0.2225 
75 750000  1 0.865 0.135 
75 750001  0 0.84 0.16 
75 750002  0 0.84 0.16 
75 750003  1 0.8575 0.1425 
75 750004  0 0.8525 0.1475 
76 760000  0 0.775 0.225 
76 760001  1 0.86 0.14 
76 760002  0 0.81 0.19 
76 760003  1 0.83 0.17 
76 760004  0 0.8 0.2 
77 770000  1 0.86 0.14 
77 770001  1 0.675 0.325 
77 770002  1 0.745 0.255 
77 770003  0 0.7575 0.2425 
77 770004  1 0.79 0.21 
78 780000  0 0.895 0.105 
78 780001  0 0.645 0.355 
78 780002  0 0.7625 0.2375 
78 780003  0 0.7675 0.2325 
78 780004  1 0.7425 0.2575 
79 790000  0 0.5675 0.4325 
79 790001  0 0.85 0.15 
79 790002  0 0.71 0.29 
79 790003  0 0.7275 0.2725 
79 790004  1 0.6975 0.3025 
80 800000  0 0.85 0.15 
80 800001  0 0.9 0.1 
80 800002  0 0.89 0.11 
80 800003  1 0.89 0.11 
80 800004  0 0.8825 0.1175 
81 810000  0 0.6275 0.3725 
81 810001  0 0.0 1.0 
81 810002  0 0.31 0.69 
81 810003  1 0.3025 0.6975 
81 810004  0 0.3125 0.6875 
82 820000  1 0.8875 0.1125 
82 820001  1 0.3875 0.6125 
82 820002  1 0.6575 0.3425 
82 820003  0 0.6325 0.3675 
82 820004  1 0.615 0.385 
83 830000  0 0.845 0.155 
83 830001  1 0.7825 0.2175 
83 830002  0 0.8225 0.1775 
83 830003  1 0.8175 0.1825 
83 830004  0 0.8 0.2 
84 840000  0 0.725 0.275 
84 840001  0 0.88 0.12 
84 840002  1 0.7825 0.2175 
84 840003  0 0.81 0.19 
84 840004  0 0.805 0.195 
85 850000  0 0.73 0.27 
85 850001  0 0.7425 0.2575 
85 850002  1 0.745 0.255 
85 850003  1 0.73 0.27 
85 850004  0 0.7725 0.2275 
86 860000  0 0.8375 0.1625 
86 860001  0 0.865 0.135 
86 860002  1 0.8625 0.1375 
86 860003  1 0.855 0.145 
86 860004  0 0.845 0.155 
87 870000  0 0.86 0.14 
87 870001  0 0.755 0.245 
87 870002  0 0.7925 0.2075 
87 870003  0 0.8 0.2 
87 870004  1 0.8075 0.1925 
88 880000  0 0.6175 0.3825 
88 880001  0 0.8075 0.1925 
88 880002  0 0.7175 0.2825 
88 880003  1 0.715 0.285 
88 880004  0 0.69 0.31 
89 890000  1 0.91 0.09 
89 890001  0 0.8675 0.1325 
89 890002  1 0.8975 0.1025 
89 890003  0 0.865 0.135 
89 890004  0 0.8675 0.1325 
90 900000  0 0.675 0.325 
90 900001  0 0.8875 0.1125 
90 900002  1 0.78 0.22 
90 900003  1 0.81 0.19 
90 900004  0 0.7875 0.2125 
91 910000  0 0.8925 0.1075 
91 910001  0 0.895 0.105 
91 910002  1 0.905 0.095 
91 910003  0 0.9025 0.0975 
91 910004  0 0.89 0.11 
92 920000  1 0.815 0.185 
92 920001  1 0.5775 0.4225 
92 920002  1 0.6875 0.3125 
92 920003  0 0.6925 0.3075 
92 920004  1 0.695 0.305 
93 930000  0 0.7775 0.2225 
93 930001  0 0.9 0.1 
93 930002  0 0.855 0.145 
93 930003  0 0.8675 0.1325 
93 930004  1 0.84 0.16 
94 940000  0 0.8575 0.1425 
94 940001  1 0.7475 0.2525 
94 940002  0 0.8 0.2 
94 940003  0 0.795 0.205 
94 940004  1 0.7825 0.2175 
95 950000  0 0.85 0.15 
95 950001  0 0.84 0.16 
95 950002  0 0.84 0.16 
95 950003  0 0.85 0.15 
95 950004  1 0.8175 0.1825 
96 960000  1 0.7325 0.2675 
96 960001  1 0.8725 0.1275 
96 960002  1 0.8175 0.1825 
96 960003  0 0.7925 0.2075 
96 960004  0 0.795 0.205 
97 970000  0 0.8225 0.1775 
97 970001  1 0.93 0.07 
97 970002  0 0.88 0.12 
97 970003  0 0.8775 0.1225 
97 970004  1 0.885 0.115 
98 980000  0 0.745 0.255 
98 980001  1 0.7825 0.2175 
98 980002  0 0.765 0.235 
98 980003  0 0.775 0.225 
98 980004  1 0.78 0.22 
99 990000  1 0.7925 0.2075 
99 990001  0 0.8 0.2 
99 990002  1 0.84 0.16 
99 990003  1 0.78 0.22 
99 990004  0 0.795 0.205 
100 1000000  0 0.825 0.175 
100 1000001  0 0.845 0.155 
100 1000002  1 0.8325 0.1675 
100 1000003  0 0.8575 0.1425 
100 1000004  0 0.8475 0.1525 
101 1010000  1 0.8975 0.1025 
101 1010001  1 0.0 1.0 
101 1010002  1 0.4625 0.5375 
101 1010003  0 0.4525 0.5475 
101 1010004  0 0.4325 0.5675 
102 1020000  0 0.805 0.195 
102 1020001  0 0.785 0.215 
102 1020002  1 0.805 0.195 
102 1020003  0 0.81 0.19 
102 1020004  0 0.7775 0.2225 
103 1030000  0 0.75 0.25 
103 1030001  0 0.845 0.155 
103 1030002  1 0.81 0.19 
103 1030003  0 0.7975 0.2025 
103 1030004  1 0.7925 0.2075 
104 1040000  0 0.9025 0.0975 
104 1040001  0 0.755 0.245 
104 1040002  0 0.84 0.16 
104 1040003  1 0.8325 0.1675 
104 1040004  0 0.8 0.2 
105 1050000  0 0.41 0.59 
105 1050001  0 0.4625 0.5375 
105 1050002  1 0.45 0.55 
105 1050003  1 0.4475 0.5525 
105 1050004  0 0.465 0.535 
106 1060000  0 0.5425 0.4575 
106 1060001  0 0.835 0.165 
106 1060002  0 0.685 0.315 
106 1060003  0 0.695 0.305 
106 1060004  1 0.6675 0.3325 
107 1070000  0 0.7275 0.2725 
107 1070001  0 0.59 0.41 
107 1070002  1 0.66 0.34 
107 1070003  0 0.6775 0.3225 
107 1070004  0 0.655 0.345 
108 1080000  0 0.865 0.135 
108 1080001  0 0.7425 0.2575 
108 1080002  1 0.77 0.23 
108 1080003  1 0.8125 0.1875 
108 1080004  0 0.8 0.2 
109 1090000  0 0.44 0.56 
109 1090001  0 0.845 0.155 
109 1090002  0 0.6675 0.3325 
109 1090003  0 0.6475 0.3525 
109 1090004  1 0.6525 0.3475 
110 1100000  0 0.8375 0.1625 
110 1100001  1 0.915 0.085 
110 1100002  1 0.865 0.135 
110 1100003  0 0.885 0.115 
110 1100004  0 0.88 0.12 
111 1110000  0 0.8425 0.1575 
111 1110001  0 0.5675 0.4325 
111 1110002  0 0.7075 0.2925 
111 1110003  1 0.7025 0.2975 
111 1110004  0 0.71 0.29 
112 1120000  0 0.8275 0.1725 
112 1120001  0 0.7425 0.2575 
112 1120002  0 0.7625 0.2375 
112 1120003  0 0.79 0.21 
112 1120004  1 0.775 0.225 
113 1130000  0 0.795 0.205 
113 1130001  0 0.0 1.0 
113 1130002  1 0.4025 0.5975 
113 1130003  1 0.3925 0.6075 
113 1130004  0 0.3975 0.6025 
114 1140000  1 0.935 0.065 
114 1140001  1 0.0 1.0 
114 1140002  0 0.48 0.52 
114 1140003  1 0.47 0.53 
114 1140004  0 0.4575 0.5425 
115 1150000  1 0.8575 0.1425 
115 1150001  1 0.7375 0.2625 
115 1150002  0 0.805 0.195 
115 1150003  0 0.7925 0.2075 
115 1150004  1 0.795 0.205 
116 1160000  0 0.8275 0.1725 
116 1160001  0 0.8775 0.1225 
116 1160002  0 0.8475 0.1525 
116 1160003  0 0.865 0.135 
116 1160004  1 0.845 0.155 
117 1170000  0 0.7225 0.2775 
117 1170001  0 0.6175 0.3825 
117 1170002  0 0.6875 0.3125 
117 1170003  0 0.685 0.315 
117 1170004  1 0.6925 0.3075 
118 1180000  0 0.8 0.2 
118 1180001  0 0.895 0.105 
118 1180002  1 0.86 0.14 
118 1180003  0 0.8525 0.1475 
118 1180004  1 0.825 0.175 
119 1190000  0 0.9275 0.0725 
119 1190001  0 0.8675 0.1325 
119 1190002  1 0.905 0.095 
119 1190003  0 0.9025 0.0975 
119 1190004  0 0.91 0.09 
120 1200000  1 0.6625 0.3375 
120 1200001  0 0.8475 0.1525 
120 1200002  0 0.7575 0.2425 
120 1200003  0 0.77 0.23 
120 1200004  1 0.77 0.23 
121 1210000  0 0.91 0.09 
121 1210001  1 0.615 0.385 
121 1210002  1 0.7475 0.2525 
121 1210003  1 0.735 0.265 
121 1210004  0 0.7725 0.2275 
122 1220000  0 0.8775 0.1225 
122 1220001  1 0.745 0.255 
122 1220002  0 0.8025 0.1975 
122 1220003  0 0.8375 0.1625 
122 1220004  1 0.81 0.19 
123 1230000  0 0.79 0.21 
123 1230001  0 0.8325 0.1675 
123 1230002  0 0.7775 0.2225 
123 1230003  0 0.8225 0.1775 
123 1230004  1 0.8125 0.1875 
124 1240000  0 0.7575 0.2425 
124 1240001  0 0.6625 0.3375 
124 1240002  1 0.725 0.275 
124 1240003  0 0.7125 0.2875 
124 1240004  0 0.71 0.29 
125 1250000  1 0.845 0.155 
125 1250001  0 0.85 0.15 
125 1250002  0 0.8225 0.1775 
125 1250003  0 0.855 0.145 
125 1250004  1 0.85 0.15 
126 1260000  0 0.7525 0.2475 
126 1260001  1 0.755 0.245 
126 1260002  0 0.7425 0.2575 
126 1260003  0 0.725 0.275 
126 1260004  1 0.75 0.25 
127 1270000  0 0.8575 0.1425 
127 1270001  1 0.765 0.235 
127 1270002  1 0.805 0.195 
127 1270003  0 0.825 0.175 
127 1270004  0 0.815 0.185 
128 1280000  1 0.935 0.065 
128 1280001  1 0.89 0.11 
128 1280002  0 0.9175 0.0825 
128 1280003  0 0.9125 0.0875 
128 1280004  1 0.9275 0.0725 
129 1290000  0 0.3775 0.6225 
129 1290001  0 0.835 0.165 
129 1290002  0 0.6425 0.3575 
129 1290003  1 0.6225 0.3775 
129 1290004  0 0.6125 0.3875 
130 1300000  0 0.87 0.13 
130 1300001  1 0.9025 0.0975 
130 1300002  0 0.89 0.11 
130 1300003  1 0.8975 0.1025 
130 1300004  0 0.8725 0.1275 
131 1310000  0 0.82 0.18 
131 1310001  0 0.885 0.115 
131 1310002  1 0.865 0.135 
131 1310003  0 0.8625 0.1375 
131 1310004  0 0.86 0.14 
132 1320000  0 0.7775 0.2225 
132 1320001  0 0.7675 0.2325 
132 1320002  0 0.7575 0.2425 
132 1320003  1 0.7675 0.2325 
132 1320004  0 0.7675 0.2325 
133 1330000  1 0.8025 0.1975 
133 1330001  0 0.8225 0.1775 
133 1330002  1 0.8 0.2 
133 1330003  1 0.8175 0.1825 
133 1330004  1 0.835 0.165 
134 1340000  0 0.7225 0.2775 
134 1340001  0 0.92 0.08 
134 1340002  0 0.81 0.19 
134 1340003  0 0.8175 0.1825 
134 1340004  1 0.845 0.155 
135 1350000  0 0.8575 0.1425 
135 1350001  0 0.8975 0.1025 
135 1350002  0 0.8825 0.1175 
135 1350003  1 0.865 0.135 
135 1350004  0 0.86 0.14 
136 1360000  0 0.84 0.16 
136 1360001  1 0.3825 0.6175 
136 1360002  0 0.61 0.39 
136 1360003  0 0.625 0.375 
136 1360004  1 0.6275 0.3725 
137 1370000  0 0.7275 0.2725 
137 1370001  1 0.93 0.07 
137 1370002  1 0.8275 0.1725 
137 1370003  1 0.8025 0.1975 
137 1370004  0 0.8275 0.1725 
138 1380000  1 0.705 0.295 
138 1380001  0 0.93 0.07 
138 1380002  0 0.7825 0.2175 
138 1380003  1 0.8275 0.1725 
138 1380004  0 0.8425 0.1575 
139 1390000  0 0.905 0.095 
139 1390001  1 0.735 0.265 
139 1390002  0 0.8325 0.1675 
139 1390003  0 0.8125 0.1875 
139 1390004  1 0.825 0.175 
140 1400000  1 0.85 0.15 
140 1400001  0 0.93 0.07 
140 1400002  1 0.8925 0.1075 
140 1400003  0 0.89 0.11 
140 1400004  0 0.9025 0.0975 
141 1410000  1 0.7 0.3 
141 1410001  0 0.9075 0.0925 
141 1410002  1 0.81 0.19 
141 1410003  0 0.8225 0.1775 
141 1410004  0 0.8 0.2 
142 1420000  0 0.5575 0.4425 
142 1420001  0 0.4425 0.5575 
142 1420002  1 0.4875 0.5125 
142 1420003  0 0.4975 0.5025 
142 1420004  0 0.495 0.505 
143 1430000  1 0.925 0.075 
143 1430001  1 0.77 0.23 
143 1430002  0 0.8625 0.1375 
143 1430003  1 0.84 0.16 
143 1430004  0 0.845 0.155 
144 1440000  0 0.9125 0.0875 
144 1440001  0 0.5825 0.4175 
144 1440002  1 0.7525 0.2475 
144 1440003  0 0.745 0.255 
144 1440004  1 0.765 0.235 
145 1450000  0 0.885 0.115 
145 1450001  1 0.81 0.19 
145 1450002  0 0.8525 0.1475 
145 1450003  1 0.8525 0.1475 
145 1450004  0 0.835 0.165 
146 1460000  1 0.0 1.0 
146 1460001  0 0.755 0.245 
146 1460002  1 0.385 0.615 
146 1460003  0 0.4 0.6 
146 1460004  0 0.375 0.625 
147 1470000  1 0.69 0.31 
147 1470001  0 0.7975 0.2025 
147 1470002  1 0.7675 0.2325 
147 1470003  0 0.75 0.25 
147 1470004  0 0.7375 0.2625 
148 1480000  0 0.86 0.14 
148 1480001  0 0.82 0.18 
148 1480002  0 0.8525 0.1475 
148 1480003  1 0.8325 0.1675 
148 1480004  0 0.855 0.145 
149 1490000  0 0.905 0.095 
149 1490001  1 0.7675 0.2325 
149 1490002  1 0.8475 0.1525 
149 1490003  0 0.8025 0.1975 
149 1490004  0 0.8475 0.1525 
150 1500000  0 0.585 0.415 
150 1500001  0 0.92 0.08 
150 1500002  0 0.755 0.245 
150 1500003  1 0.74 0.26 
150 1500004  0 0.755 0.245 
151 1510000  1 0.925 0.075 
151 1510001  0 0.7475 0.2525 
151 1510002  1 0.835 0.165 
151 1510003  0 0.83 0.17 
151 1510004  0 0.8625 0.1375 
152 1520000  1 0.82 0.18 
152 1520001  1 0.865 0.135 
152 1520002  1 0.8575 0.1425 
152 1520003  0 0.84 0.16 
152 1520004  1 0.8725 0.1275 
153 1530000  0 0.7925 0.2075 
153 1530001  0 0.6775 0.3225 
153 1530002  0 0.73 0.27 
153 1530003  1 0.7125 0.2875 
153 1530004  0 0.745 0.255 
154 1540000  0 0.85 0.15 
154 1540001  1 0.8625 0.1375 
154 1540002  0 0.87 0.13 
154 1540003  0 0.86 0.14 
154 1540004  1 0.855 0.145 
155 1550000  0 0.915 0.085 
155 1550001  0 0.88 0.12 
155 1550002  1 0.875 0.125 
155 1550003  0 0.8925 0.1075 
155 1550004  0 0.8925 0.1075 
156 1560000  1 0.67 0.33 
156 1560001  0 0.855 0.145 
156 1560002  1 0.7675 0.2325 
156 1560003  0 0.75 0.25 
156 1560004  0 0.765 0.235 
157 1570000  0 0.84 0.16 
157 1570001  0 0.82 0.18 
157 1570002  0 0.8175 0.1825 
157 1570003  1 0.83 0.17 
157 1570004  0 0.8325 0.1675 
158 1580000  0 0.9225 0.0775 
158 1580001  1 0.6525 0.3475 
158 1580002  0 0.79 0.21 
158 1580003  1 0.7825 0.2175 
158 1580004  0 0.795 0.205 
159 1590000  0 0.67 0.33 
159 1590001  0 0.915 0.085 
159 1590002  0 0.78 0.22 
159 1590003  0 0.7875 0.2125 
159 1590004  1 0.7925 0.2075 
160 1600000  0 0.7825 0.2175 
160 1600001  0 0.7975 0.2025 
160 1600002  0 0.77 0.23 
160 1600003  1 0.7675 0.2325 
160 1600004  0 0.7875 0.2125 
161 1610000  1 0.935 0.065 
161 1610001  0 0.87 0.13 
161 1610002  1 0.8875 0.1125 
161 1610003  0 0.8975 0.1025 
161 1610004  0 0.9125 0.0875 
162 1620000  1 0.7675 0.2325 
162 1620001  0 0.9175 0.0825 
162 1620002  1 0.85 0.15 
162 1620003  1 0.835 0.165 
162 1620004  0 0.835 0.165 
163 1630000  0 0.92 0.08 
163 1630001  0 0.755 0.245 
163 1630002  1 0.85 0.15 
163 1630003  0 0.835 0.165 
163 1630004  0 0.835 0.165 
164 1640000  1 0.8875 0.1125 
164 1640001  0 0.8775 0.1225 
164 1640002  1 0.88 0.12 
164 1640003  0 0.8625 0.1375 
164 1640004  1 0.8675 0.1325 
165 1650000  0 0.745 0.255 
165 1650001  0 0.83 0.17 
165 1650002  1 0.8025 0.1975 
165 1650003  1 0.775 0.225 
165 1650004  1 0.785 0.215 
166 1660000  0 0.84 0.16 
166 1660001  0 0.845 0.155 
166 1660002  0 0.835 0.165 
166 1660003  1 0.875 0.125 
166 1660004  0 0.84 0.16 
167 1670000  1 0.915 0.085 
167 1670001  0 0.9075 0.0925 
167 1670002  0 0.9225 0.0775 
167 1670003  0 0.9075 0.0925 
167 1670004  1 0.9225 0.0775 
168 1680000  0 0.0 1.0 
168 1680001  1 0.8875 0.1125 
168 1680002  1 0.4325 0.5675 
168 1680003  1 0.4425 0.5575 
168 1680004  0 0.45 0.55 
169 1690000  0 0.9 0.1 
169 1690001  0 0.6625 0.3375 
169 1690002  0 0.8075 0.1925 
169 1690003  1 0.78 0.22 
169 1690004  0 0.7925 0.2075 
170 1700000  0 0.7075 0.2925 
170 1700001  0 0.715 0.285 
170 1700002  1 0.705 0.295 
170 1700003  0 0.7175 0.2825 
170 1700004  1 0.69 0.31 
171 1710000  1 0.765 0.235 
171 1710001  1 0.655 0.345 
171 1710002  0 0.7125 0.2875 
171 1710003  1 0.71 0.29 
171 1710004  0 0.715 0.285 
172 1720000  1 0.8225 0.1775 
172 1720001  1 0.9175 0.0825 
172 1720002  1 0.87 0.13 
172 1720003  0 0.8625 0.1375 
172 1720004  0 0.8625 0.1375 
173 1730000  0 0.8175 0.1825 
173 1730001  1 0.3225 0.6775 
173 1730002  1 0.5775 0.4225 
173 1730003  1 0.57 0.43 
173 1730004  0 0.5925 0.4075 
174 1740000  1 0.88 0.12 
174 1740001  0 0.7925 0.2075 
174 1740002  1 0.8625 0.1375 
174 1740003  1 0.83 0.17 
174 1740004  0 0.8325 0.1675 
175 1750000  0 0.8025 0.1975 
175 1750001  0 0.4175 0.5825 
175 1750002  0 0.625 0.375 
175 1750003  1 0.5875 0.4125 
175 1750004  0 0.5875 0.4125 
176 1760000  0 0.8225 0.1775 
176 1760001  1 0.8675 0.1325 
176 1760002  0 0.865 0.135 
176 1760003  1 0.835 0.165 
176 1760004  0 0.845 0.155 
177 1770000  1 0.935 0.065 
177 1770001  0 0.9125 0.0875 
177 1770002  0 0.9075 0.0925 
177 1770003  0 0.9375 0.0625 
177 1770004  1 0.92 0.08 
178 1780000  0 0.79 0.21 
178 1780001  0 0.915 0.085 
178 1780002  0 0.875 0.125 
178 1780003  0 0.85 0.15 
178 1780004  1 0.845 0.155 
179 1790000  0 0.745 0.255 
179 1790001  0 0.8 0.2 
179 1790002  0 0.775 0.225 
179 1790003  1 0.7725 0.2275 
179 1790004  1 0.7475 0.2525 
180 1800000  0 0.9 0.1 
180 1800001  0 0.8775 0.1225 
180 1800002  0 0.8875 0.1125 
180 1800003  1 0.88 0.12 
180 1800004  0 0.9 0.1 
181 1810000  0 0.925 0.075 
181 1810001  0 0.865 0.135 
181 1810002  1 0.9 0.1 
181 1810003  0 0.9 0.1 
181 1810004  0 0.8925 0.1075 
182 1820000  0 0.87 0.13 
182 1820001  0 0.955 0.045 
182 1820002  0 0.9175 0.0825 
182 1820003  0 0.92 0.08 
182 1820004  1 0.91 0.09 
183 1830000  0 0.805 0.195 
183 1830001  0 0.77 0.23 
183 1830002  1 0.7975 0.2025 
183 1830003  0 0.79 0.21 
183 1830004  0 0.7775 0.2225 
184 1840000  1 0.9575 0.0425 
184 1840001  0 0.8975 0.1025 
184 1840002  0 0.945 0.055 
184 1840003  1 0.92 0.08 
184 1840004  0 0.92 0.08 
185 1850000  0 0.7025 0.2975 
185 1850001  1 0.78 0.22 
185 1850002  1 0.7425 0.2575 
185 1850003  0 0.7375 0.2625 
185 1850004  1 0.7025 0.2975 
186 1860000  0 0.865 0.135 
186 1860001  0 0.845 0.155 
186 1860002  1 0.8425 0.1575 
186 1860003  0 0.8525 0.1475 
186 1860004  1 0.8325 0.1675 
187 1870000  1 0.7575 0.2425 
187 1870001  0 0.8475 0.1525 
187 1870002  0 0.81 0.19 
187 1870003  1 0.7975 0.2025 
187 1870004  0 0.795 0.205 
188 1880000  0 0.365 0.635 
188 1880001  0 0.7725 0.2275 
188 1880002  0 0.5775 0.4225 
188 1880003  1 0.57 0.43 
188 1880004  1 0.535 0.465 
189 1890000  0 0.9475 0.0525 
189 1890001  0 0.425 0.575 
189 1890002  0 0.675 0.325 
189 1890003  0 0.6575 0.3425 
189 1890004  1 0.6875 0.3125 
190 1900000  0 0.715 0.285 
190 1900001  0 0.825 0.175 
190 1900002  0 0.76 0.24 
190 1900003  0 0.75 0.25 
190 1900004  1 0.775 0.225 
191 1910000  0 0.915 0.085 
191 1910001  0 0.6425 0.3575 
191 1910002  0 0.7925 0.2075 
191 1910003  0 0.78 0.22 
191 1910004  1 0.7625 0.2375 
192 1920000  0 0.7925 0.2075 
192 1920001  0 0.845 0.155 
192 1920002  0 0.82 0.18 
192 1920003  0 0.82 0.18 
192 1920004  1 0.8225 0.1775 
193 1930000  1 0.34 0.66 
193 1930001  1 0.925 0.075 
193 1930002  0 0.6225 0.3775 
193 1930003  0 0.6475 0.3525 
193 1930004  1 0.63 0.37 
194 1940000  0 0.575 0.425 
194 1940001  0 0.9025 0.0975 
194 1940002  1 0.7325 0.2675 
194 1940003  0 0.745 0.255 
194 1940004  0 0.73 0.27 
195 1950000  0 0.8575 0.1425 
195 1950001  0 0.4475 0.5525 
195 1950002  0 0.655 0.345 
195 1950003  0 0.665 0.335 
195 1950004  1 0.6675 0.3325 
196 1960000  0 0.0 1.0 
196 1960001  0 0.89 0.11 
196 1960002  0 0.4425 0.5575 
196 1960003  0 0.4375 0.5625 
196 1960004  1 0.4375 0.5625 
197 1970000  0 0.9225 0.0775 
197 1970001  1 0.8025 0.1975 
197 1970002  0 0.865 0.135 
197 1970003  0 0.875 0.125 
197 1970004  1 0.8575 0.1425 
198 1980000  0 0.8175 0.1825 
198 1980001  0 0.76 0.24 
198 1980002  0 0.765 0.235 
198 1980003  1 0.7775 0.2225 
198 1980004  0 0.7975 0.2025 
199 1990000  0 0.905 0.095 
199 1990001  0 0.69 0.31 
199 1990002  0 0.8175 0.1825 
199 1990003  0 0.8 0.2 
199 1990004  1 0.7825 0.2175 
200 2000000  0 0.8775 0.1225 
200 2000001  1 0.86 0.14 
200 2000002  1 0.8575 0.1425 
200 2000003  0 0.87 0.13 
200 2000004  1 0.85 0.15 
201 2010003  1 0.8075 0.1925 
202 2020003  0 0.905 0.095 
203 2030003  0 0.8375 0.1625 
204 2040003  1 0.825 0.175 
205 2050003  0 0.91 0.09 
206 2060003  1 0.7475 0.2525 
207 2070003  1 0.8975 0.1025 
208 2080003  0 0.89 0.11 
209 2090003  0 0.8925 0.1075 
210 2100003  0 0.8875 0.1125 
211 2110003  1 0.8875 0.1125 
212 2120003  1 0.8175 0.1825 
213 2130003  0 0.8225 0.1775 
214 2140003  0 0.8025 0.1975 
215 2150003  0 0.8175 0.1825 
216 2160003  0 0.85 0.15 
217 2170003  0 0.7 0.3 
218 2180003  0 0.8175 0.1825 
219 2190003  0 0.845 0.155 
220 2200003  0 0.845 0.155 
221 2210003  1 0.83 0.17 
222 2220003  0 0.815 0.185 
223 2230003  0 0.895 0.105 
224 2240003  0 0.6025 0.3975 
225 2250003  0 0.8025 0.1975 
226 2260003  0 0.8525 0.1475 
227 2270003  0 0.43 0.57 
228 2280003  0 0.6575 0.3425 
229 2290003  0 0.4875 0.5125 
230 2300003  0 0.7775 0.2225 
231 2310003  0 0.8725 0.1275 
232 2320003  1 0.8425 0.1575 
233 2330003  0 0.44 0.56 
234 2340003  0 0.68 0.32 
235 2350003  1 0.8475 0.1525 
236 2360003  1 0.7675 0.2325 
237 2370003  1 0.77 0.23 
238 2380003  0 0.885 0.115 
239 2390003  0 0.845 0.155 
240 2400003  0 0.87 0.13 
241 2410003  0 0.8475 0.1525 
242 2420003  0 0.8225 0.1775 
243 2430003  0 0.81 0.19 
244 2440003  0 0.4425 0.5575 
245 2450003  0 0.815 0.185 
246 2460003  1 0.89 0.11 
247 2470003  0 0.865 0.135 
248 2480003  1 0.8925 0.1075 
249 2490003  0 0.9225 0.0775 
250 2500003  0 0.8425 0.1575 
251 2510003  0 0.7825 0.2175 
252 2520003  0 0.4525 0.5475 
253 2530003  0 0.52 0.48 
254 2540003  1 0.8925 0.1075 
255 2550003  0 0.7775 0.2225 
256 2560003  0 0.77 0.23 
257 2570003  0 0.94 0.06 
258 2580003  0 0.7575 0.2425 
259 2590003  0 0.8625 0.1375 
260 2600003  0 0.7825 0.2175 
261 2610003  0 0.91 0.09 
262 2620003  0 0.69 0.31 
263 2630003  0 0.5675 0.4325 
264 2640003  0 0.9175 0.0825 
265 2650003  0 0.63 0.37 
266 2660003  0 0.87 0.13 
267 2670003  1 0.3825 0.6175 
268 2680003  0 0.7575 0.2425 
269 2690003  0 0.92 0.08 
270 2700003  0 0.7975 0.2025 
271 2710003  1 0.7825 0.2175 
272 2720003  0 0.845 0.155 
273 2730003  0 0.795 0.205 
274 2740003  0 0.7825 0.2175 
275 2750003  1 0.7425 0.2575 
276 2760003  0 0.89 0.11 
277 2770003  1 0.9075 0.0925 
278 2780003  0 0.78 0.22 
279 2790003  0 0.8825 0.1175 
280 2800003  0 0.7625 0.2375 
281 2810003  1 0.78 0.22 
282 2820003  0 0.9025 0.0975 
283 2830003  0 0.6375 0.3625 
284 2840003  0 0.7725 0.2275 
285 2850003  1 0.8225 0.1775 
286 2860003  0 0.8925 0.1075 
287 2870003  0 0.935 0.065 
288 2880003  0 0.58 0.42 
289 2890003  0 0.4425 0.5575 
290 2900003  0 0.89 0.11 
291 2910003  0 0.835 0.165 
292 2920003  0 0.7975 0.2025 
293 2930003  0 0.6775 0.3225 
294 2940003  1 0.89 0.11 
295 2950003  0 0.7625 0.2375 
296 2960003  1 0.8775 0.1225 
297 2970003  1 0.925 0.075 
298 2980003  0 0.8575 0.1425 
299 2990003  0 0.88 0.12 
300 3000003  1 0.88 0.12 
301 3010003  0 0.8 0.2 
302 3020003  0 0.745 0.255 
303 3030003  0 0.4525 0.5475 
304 3040003  1 0.89 0.11 
305 3050003  0 0.7925 0.2075 
306 3060003  0 0.86 0.14 
307 3070003  0 0.725 0.275 
308 3080003  0 0.735 0.265 
309 3090003  0 0.76 0.24 
310 3100003  0 0.625 0.375 
311 3110003  0 0.84 0.16 
312 3120003  1 0.57 0.43 
313 3130003  0 0.8 0.2 
314 3140003  0 0.6975 0.3025 
315 3150003  0 0.845 0.155 
316 3160003  0 0.77 0.23 
317 3170003  0 0.81 0.19 
318 3180003  0 0.755 0.245 
319 3190003  0 0.9125 0.0875 
320 3200003  0 0.7775 0.2225 
321 3210003  0 0.725 0.275 
322 3220003  0 0.635 0.365 
323 3230003  0 0.9175 0.0825 
324 3240003  0 0.8725 0.1275 
325 3250003  1 0.87 0.13 
326 3260003  0 0.7875 0.2125 
327 3270003  0 0.45 0.55 
328 3280003  0 0.84 0.16 
329 3290003  0 0.905 0.095 
330 3300003  0 0.765 0.235 
331 3310003  0 0.8925 0.1075 
332 3320003  0 0.875 0.125 
333 3330003  0 0.7925 0.2075 
334 3340003  0 0.6 0.4 
335 3350003  0 0.7925 0.2075 
336 3360003  0 0.4375 0.5625 
337 3370003  1 0.775 0.225 
338 3380003  0 0.795 0.205 
339 3390003  0 0.9125 0.0875 
340 3400003  0 0.8025 0.1975 
341 3410003  0 0.8825 0.1175 
342 3420003  0 0.765 0.235 
343 3430003  0 0.4475 0.5525 
344 3440003  0 0.7375 0.2625 
345 3450003  0 0.745 0.255 
346 3460003  0 0.875 0.125 
347 3470003  0 0.915 0.085 
348 3480003  0 0.86 0.14 
349 3490003  1 0.8125 0.1875 
350 3500003  0 0.865 0.135 
351 3510003  0 0.655 0.345 
352 3520003  0 0.8675 0.1325 
353 3530003  0 0.7325 0.2675 
354 3540003  0 0.7925 0.2075 
355 3550003  1 0.715 0.285 
356 3560003  0 0.785 0.215 
357 3570003  0 0.735 0.265 
358 3580003  0 0.8675 0.1325 
359 3590003  1 0.755 0.245 
360 3600003  0 0.835 0.165 
361 3610003  1 0.8325 0.1675 
362 3620003  1 0.425 0.575 
363 3630003  0 0.6775 0.3225 
364 3640003  0 0.6675 0.3325 
365 3650003  0 0.88 0.12 
366 3660003  0 0.8125 0.1875 
367 3670003  0 0.9425 0.0575 
368 3680003  0 0.885 0.115 
369 3690003  0 0.8425 0.1575 
370 3700003  0 0.73 0.27 
371 3710003  0 0.8425 0.1575 
372 3720003  0 0.81 0.19 
373 3730003  0 0.85 0.15 
374 3740003  0 0.4275 0.5725 
375 3750003  0 0.4425 0.5575 
376 3760003  0 0.3875 0.6125 
377 3770003  0 0.86 0.14 
378 3780003  1 0.7825 0.2175 
379 3790003  0 0.63 0.37 
380 3800003  0 0.59 0.41 
381 3810003  0 0.905 0.095 
382 3820003  1 0.315 0.685 
383 3830003  0 0.8925 0.1075 
384 3840003  0 0.87 0.13 
385 3850003  0 0.8175 0.1825 
386 3860003  0 0.8375 0.1625 
387 3870003  1 0.87 0.13 
388 3880003  0 0.7375 0.2625 
389 3890003  0 0.835 0.165 
390 3900003  0 0.385 0.615 
391 3910003  0 0.82 0.18 
392 3920003  0 0.865 0.135 
393 3930003  0 0.8125 0.1875 
394 3940003  0 0.6525 0.3475 
395 3950003  0 0.7475 0.2525 
396 3960003  0 0.6475 0.3525 
397 3970003  0 0.855 0.145 
398 3980003  0 0.895 0.105 
399 3990003  0 0.8475 0.1525 
400 4000003  0 0.785 0.215 
401 4010003  0 0.7875 0.2125 
402 4020003  0 0.4575 0.5425 
403 4030003  1 0.765 0.235 
404 4040003  0 0.86 0.14 
405 4050003  1 0.81 0.19 
406 4060003  0 0.95 0.05 
407 4070003  0 0.83 0.17 
408 4080003  0 0.83 0.17 
409 4090003  0 0.805 0.195 
410 4100003  0 0.5925 0.4075 
411 4110003  1 0.5525 0.4475 
412 4120003  0 0.8525 0.1475 
413 4130003  0 0.865 0.135 
414 4140003  0 0.685 0.315 
415 4150003  0 0.8875 0.1125 
416 4160003  1 0.66 0.34 
417 4170003  0 0.8775 0.1225 
418 4180003  0 0.4475 0.5525 
419 4190003  1 0.84 0.16 
420 4200003  0 0.8125 0.1875 
421 4210003  1 0.8875 0.1125 
422 4220003  0 0.7275 0.2725 
423 4230003  1 0.765 0.235 
424 4240003  0 0.705 0.295 
425 4250003  0 0.8925 0.1075 
426 4260003  0 0.8825 0.1175 
427 4270003  0 0.77 0.23 
428 4280003  0 0.785 0.215 
429 4290003  0 0.835 0.165 
430 4300003  0 0.6725 0.3275 
431 4310003  0 0.43 0.57 
432 4320003  1 0.85 0.15 
433 4330003  0 0.7175 0.2825 
434 4340003  0 0.5975 0.4025 
435 4350003  0 0.815 0.185 
436 4360003  0 0.76 0.24 
437 4370003  1 0.6775 0.3225 
438 4380003  0 0.85 0.15 
439 4390003  1 0.6625 0.3375 
440 4400003  0 0.85 0.15 
441 4410003  0 0.695 0.305 
442 4420003  0 0.85 0.15 
443 4430003  0 0.8625 0.1375 
444 4440003  0 0.7475 0.2525 
445 4450003  0 0.6275 0.3725 
446 4460003  0 0.935 0.065 
447 4470003  0 0.845 0.155 
448 4480003  0 0.7625 0.2375 
449 4490003  0 0.89 0.11 
450 4500003  0 0.7925 0.2075 
451 4510003  1 0.9025 0.0975 
452 4520003  0 0.695 0.305 
453 4530003  0 0.7075 0.2925 
454 4540003  0 0.6675 0.3325 
455 4550003  1 0.9 0.1 
456 4560003  0 0.885 0.115 
457 4570003  0 0.8775 0.1225 
458 4580003  1 0.8975 0.1025 
459 4590003  1 0.73 0.27 
460 4600003  0 0.795 0.205 
461 4610003  0 0.6825 0.3175 
462 4620003  1 0.7575 0.2425 
463 4630003  1 0.9025 0.0975 
464 4640003  0 0.855 0.145 
465 4650003  0 0.8275 0.1725 
466 4660003  0 0.3925 0.6075 
467 4670003  0 0.7125 0.2875 
468 4680003  0 0.8225 0.1775 
469 4690003  0 0.7425 0.2575 
470 4700003  1 0.8525 0.1475 
471 4710003  0 0.93 0.07 
472 4720003  0 0.8525 0.1475 
473 4730003  0 0.8025 0.1975 
474 4740003  0 0.85 0.15 
475 4750003  1 0.4275 0.5725 
476 4760003  0 0.6875 0.3125 
477 4770003  0 0.3975 0.6025 
478 4780003  0 0.455 0.545 
479 4790003  1 0.8775 0.1225 
480 4800003  1 0.4375 0.5625 
481 4810003  1 0.8025 0.1975 
482 4820003  0 0.4075 0.5925 
483 4830003  0 0.7875 0.2125 
484 4840003  0 0.7725 0.2275 
485 4850003  0 0.875 0.125 
486 4860003  0 0.825 0.175 
487 4870003  0 0.9025 0.0975 
488 4880003  0 0.8825 0.1175 
489 4890003  0 0.75 0.25 
490 4900003  0 0.7375 0.2625 
491 4910003  0 0.67 0.33 
492 4920003  0 0.6925 0.3075 
493 4930003  1 0.8125 0.1875 
494 4940003  0 0.87 0.13 
495 4950003  0 0.7875 0.2125 
496 4960003  0 0.8525 0.1475 
497 4970003  0 0.7625 0.2375 
498 4980003  1 0.7325 0.2675 
499 4990003  0 0.87 0.13 
500 5000003  0 0.615 0.385 
501 5010003  0 0.8175 0.1825 
502 5020003  0 0.8375 0.1625 
503 5030003  0 0.8875 0.1125 
504 5040003  0 0.795 0.205 
505 5050003  1 0.8625 0.1375 
506 5060003  1 0.62 0.38 
507 5070003  1 0.88 0.12 
508 5080003  1 0.895 0.105 
509 5090003  0 0.6625 0.3375 
510 5100003  0 0.8975 0.1025 
511 5110003  0 0.8425 0.1575 
512 5120003  0 0.725 0.275 
513 5130003  0 0.7175 0.2825 
514 5140003  1 0.855 0.145 
515 5150003  1 0.635 0.365 
516 5160003  1 0.6875 0.3125 
517 5170003  0 0.8225 0.1775 
518 5180003  1 0.7525 0.2475 
519 5190003  0 0.79 0.21 
520 5200003  0 0.905 0.095 
521 5210003  0 0.4575 0.5425 
522 5220003  0 0.63 0.37 
523 5230003  0 0.8425 0.1575 
524 5240003  0 0.8325 0.1675 
525 5250003  0 0.8325 0.1675 
526 5260003  0 0.78 0.22 
527 5270003  0 0.845 0.155 
528 5280003  1 0.5775 0.4225 
529 5290003  0 0.87 0.13 
530 5300003  0 0.615 0.385 
531 5310003  1 0.93 0.07 
532 5320003  0 0.815 0.185 
533 5330003  1 0.885 0.115 
534 5340003  0 0.8575 0.1425 
535 5350003  0 0.8875 0.1125 
536 5360003  1 0.45 0.55 
537 5370003  0 0.44 0.56 
538 5380003  0 0.8925 0.1075 
539 5390003  0 0.8725 0.1275 
540 5400003  1 0.85 0.15 
541 5410003  0 0.7675 0.2325 
542 5420003  0 0.8575 0.1425 
543 5430003  0 0.8425 0.1575 
544 5440003  1 0.7475 0.2525 
545 5450003  0 0.8625 0.1375 
546 5460003  0 0.8175 0.1825 
547 5470003  0 0.9025 0.0975 
548 5480003  0 0.845 0.155 
549 5490003  1 0.7975 0.2025 
550 5500003  0 0.495 0.505 
551 5510003  1 0.905 0.095 
552 5520003  1 0.8475 0.1525 
553 5530003  0 0.84 0.16 
554 5540003  1 0.9175 0.0825 
555 5550003  0 0.7575 0.2425 
556 5560003  0 0.8875 0.1125 
557 5570003  0 0.3825 0.6175 
558 5580003  0 0.7 0.3 
559 5590003  0 0.4625 0.5375 
560 5600003  0 0.8175 0.1825 
561 5610003  0 0.8625 0.1375 
562 5620003  0 0.8675 0.1325 
563 5630003  0 0.8375 0.1625 
564 5640003  0 0.795 0.205 
565 5650003  0 0.875 0.125 
566 5660003  0 0.8325 0.1675 
567 5670003  0 0.775 0.225 
568 5680003  1 0.875 0.125 
569 5690003  0 0.9275 0.0725 
570 5700003  0 0.78 0.22 
571 5710003  0 0.8675 0.1325 
572 5720003  0 0.365 0.635 
573 5730003  1 0.73 0.27 
574 5740003  0 0.78 0.22 
575 5750003  1 0.715 0.285 
576 5760003  0 0.7725 0.2275 
577 5770003  1 0.9025 0.0975 
578 5780003  0 0.86 0.14 
579 5790003  0 0.825 0.175 
580 5800003  1 0.64 0.36 
581 5810003  0 0.8075 0.1925 
582 5820003  0 0.905 0.095 
583 5830003  0 0.84 0.16 
584 5840003  1 0.7625 0.2375 
585 5850003  0 0.92 0.08 
586 5860003  0 0.8075 0.1925 
587 5870003  0 0.7975 0.2025 
588 5880003  0 0.8975 0.1025 
589 5890003  0 0.775 0.225 
590 5900003  0 0.86 0.14 
591 5910003  0 0.785 0.215 
592 5920003  0 0.85 0.15 
593 5930003  0 0.915 0.085 
594 5940003  0 0.8 0.2 
595 5950003  0 0.915 0.085 
596 5960003  1 0.835 0.165 
597 5970003  1 0.9075 0.0925 
598 5980003  0 0.845 0.155 
599 5990003  0 0.5675 0.4325 
600 6000003  0 0.6425 0.3575 
601 6010003  0 0.8575 0.1425 
602 6020003  1 0.795 0.205 
603 6030003  0 0.8775 0.1225 
604 6040003  1 0.8275 0.1725 
605 6050003  0 0.545 0.455 
606 6060003  1 0.975 0.025 
607 6070003  0 0.665 0.335 
608 6080003  0 0.8 0.2 
609 6090003  0 0.7375 0.2625 
610 6100003  0 0.63 0.37 
611 6110003  0 0.875 0.125 
612 6120003  0 0.84 0.16 
613 6130003  0 0.7725 0.2275 
614 6140003  1 0.84 0.16 
615 6150003  0 0.67 0.33 
616 6160003  0 0.8 0.2 
617 6170003  1 0.86 0.14 
618 6180003  0 0.8325 0.1675 
619 6190003  0 0.8825 0.1175 
620 6200003  1 0.81 0.19 
621 6210003  0 0.8 0.2 
622 6220003  0 0.8275 0.1725 
623 6230003  1 0.735 0.265 
624 6240003  0 0.89 0.11 
625 6250003  1 0.8825 0.1175 
626 6260003  1 0.89 0.11 
627 6270003  0 0.885 0.115 
628 6280003  0 0.855 0.145 
629 6290003  0 0.7 0.3 
630 6300003  1 0.9275 0.0725 
631 6310003  0 0.8525 0.1475 
632 6320003  0 0.83 0.17 
633 6330003  0 0.825 0.175 
634 6340003  0 0.92 0.08 
635 6350003  0 0.9 0.1 
636 6360003  1 0.8075 0.1925 
637 6370003  0 0.85 0.15 
638 6380003  0 0.7325 0.2675 
639 6390003  0 0.68 0.32 
640 6400003  0 0.81 0.19 
641 6410003  1 0.875 0.125 
642 6420003  0 0.8275 0.1725 
643 6430003  0 0.665 0.335 
644 6440003  0 0.78 0.22 
645 6450003  0 0.76 0.24 
646 6460003  0 0.865 0.135 
647 6470003  0 0.77 0.23 
648 6480003  0 0.7725 0.2275 
649 6490003  0 0.73 0.27 
650 6500003  0 0.86 0.14 
651 6510003  0 0.8175 0.1825 
652 6520003  1 0.5775 0.4225 
653 6530003  0 0.7225 0.2775 
654 6540003  0 0.795 0.205 
655 6550003  0 0.365 0.635 
656 6560003  0 0.595 0.405 
657 6570003  0 0.87 0.13 
658 6580003  0 0.84 0.16 
659 6590003  1 0.7875 0.2125 
660 6600003  0 0.89 0.11 
661 6610003  0 0.7475 0.2525 
662 6620003  0 0.625 0.375 
663 6630003  0 0.8075 0.1925 
664 6640003  0 0.89 0.11 
665 6650003  0 0.83 0.17 
666 6660003  0 0.885 0.115 
667 6670003  1 0.725 0.275 
668 6680003  0 0.8175 0.1825 
669 6690003  0 0.735 0.265 
670 6700003  1 0.695 0.305 
671 6710003  1 0.4025 0.5975 
672 6720003  0 0.87 0.13 
673 6730003  0 0.8975 0.1025 
674 6740003  0 0.8675 0.1325 
675 6750003  0 0.8075 0.1925 
676 6760003  1 0.7375 0.2625 
677 6770003  0 0.83 0.17 
678 6780003  0 0.77 0.23 
679 6790003  0 0.845 0.155 
680 6800003  0 0.905 0.095 
681 6810003  0 0.9075 0.0925 
682 6820003  0 0.7825 0.2175 
683 6830003  0 0.895 0.105 
684 6840003  0 0.745 0.255 
685 6850003  0 0.8075 0.1925 
686 6860003  0 0.715 0.285 
687 6870003  0 0.8225 0.1775 
688 6880003  1 0.8975 0.1025 
689 6890003  0 0.855 0.145 
690 6900003  1 0.6925 0.3075 
691 6910003  0 0.5675 0.4325 
692 6920003  0 0.7775 0.2225 
693 6930003  0 0.73 0.27 
694 6940003  0 0.7875 0.2125 
695 6950003  0 0.8425 0.1575 
696 6960003  1 0.775 0.225 
697 6970003  0 0.7675 0.2325 
698 6980003  0 0.74 0.26 
699 6990003  0 0.7725 0.2275 
700 7000003  1 0.7925 0.2075 
701 7010003  0 0.895 0.105 
702 7020003  1 0.9 0.1 
703 7030003  1 0.8475 0.1525 
704 7040003  0 0.8725 0.1275 
705 7050003  1 0.61 0.39 
706 7060003  0 0.8275 0.1725 
707 7070003  0 0.66 0.34 
708 7080003  0 0.8175 0.1825 
709 7090003  0 0.6825 0.3175 
710 7100003  0 0.8325 0.1675 
711 7110003  1 0.8575 0.1425 
712 7120003  0 0.4525 0.5475 
713 7130003  0 0.88 0.12 
714 7140003  1 0.855 0.145 
715 7150003  1 0.9 0.1 
716 7160003  0 0.3525 0.6475 
717 7170003  1 0.7675 0.2325 
718 7180003  0 0.8125 0.1875 
719 7190003  1 0.825 0.175 
720 7200003  0 0.7325 0.2675 
721 7210003  0 0.815 0.185 
722 7220003  1 0.7775 0.2225 
723 7230003  0 0.89 0.11 
724 7240003  0 0.7975 0.2025 
725 7250003  0 0.6775 0.3225 
726 7260003  0 0.7625 0.2375 
727 7270003  0 0.8025 0.1975 
728 7280003  1 0.45 0.55 
729 7290003  0 0.8925 0.1075 
730 7300003  0 0.8675 0.1325 
731 7310003  0 0.7475 0.2525 
732 7320003  0 0.845 0.155 
733 7330003  0 0.93 0.07 
734 7340003  0 0.7975 0.2025 
735 7350003  1 0.9375 0.0625 
736 7360003  1 0.845 0.155 
737 7370003  0 0.8775 0.1225 
738 7380003  0 0.7325 0.2675 
739 7390003  1 0.43 0.57 
740 7400003  0 0.7925 0.2075 
741 7410003  0 0.9175 0.0825 
742 7420003  1 0.86 0.14 
743 7430003  1 0.76 0.24 
744 7440003  0 0.865 0.135 
745 7450003  1 0.8625 0.1375 
746 7460003  0 0.795 0.205 
747 7470003  0 0.8325 0.1675 
748 7480003  1 0.725 0.275 
749 7490003  1 0.8175 0.1825 
750 7500003  0 0.835 0.165 
751 7510003  0 0.8425 0.1575 
752 7520003  0 0.6475 0.3525 
753 7530003  0 0.7525 0.2475 
754 7540003  0 0.85 0.15 
755 7550003  1 0.91 0.09 
756 7560003  0 0.8875 0.1125 
757 7570003  0 0.8475 0.1525 
758 7580003  0 0.8775 0.1225 
759 7590003  1 0.825 0.175 
760 7600003  0 0.825 0.175 
761 7610003  1 0.7825 0.2175 
762 7620003  1 0.835 0.165 
763 7630003  0 0.66 0.34 
764 7640003  1 0.7775 0.2225 
765 7650003  0 0.84 0.16 
766 7660003  0 0.89 0.11 
767 7670003  0 0.85 0.15 
768 7680003  1 0.8475 0.1525 
769 7690003  0 0.7325 0.2675 
770 7700003  0 0.85 0.15 
771 7710003  0 0.7875 0.2125 
772 7720003  0 0.85 0.15 
773 7730003  0 0.8625 0.1375 
774 7740003  1 0.8 0.2 
775 7750003  0 0.8325 0.1675 
776 7760003  0 0.8725 0.1275 
777 7770003  1 0.7575 0.2425 
778 7780003  1 0.815 0.185 
779 7790003  0 0.765 0.235 
780 7800003  1 0.78 0.22 
781 7810003  0 0.76 0.24 
782 7820003  0 0.89 0.11 
783 7830003  0 0.855 0.145 
784 7840003  0 0.6225 0.3775 
785 7850003  0 0.875 0.125 
786 7860003  0 0.805 0.195 
787 7870003  0 0.9 0.1 
788 7880003  0 0.87 0.13 
789 7890003  1 0.8675 0.1325 
790 7900003  0 0.44 0.56 
791 7910003  0 0.8275 0.1725 
792 7920003  1 0.8 0.2 
793 7930003  0 0.8575 0.1425 
794 7940003  0 0.8025 0.1975 
795 7950003  1 0.785 0.215 
796 7960003  0 0.8625 0.1375 
797 7970003  0 0.7875 0.2125 
798 7980003  0 0.7275 0.2725 
799 7990003  0 0.6375 0.3625 
800 8000003  0 0.7825 0.2175 
801 8010003  1 0.895 0.105 
802 8020003  0 0.73 0.27 
803 8030003  1 0.65 0.35 
804 8040003  0 0.6975 0.3025 
805 8050003  0 0.595 0.405 
806 8060003  0 0.795 0.205 
807 8070003  0 0.765 0.235 
808 8080003  0 0.7375 0.2625 
809 8090003  0 0.4425 0.5575 
810 8100003  0 0.9325 0.0675 
811 8110003  0 0.8675 0.1325 
812 8120003  1 0.92 0.08 
813 8130003  0 0.7175 0.2825 
814 8140003  0 0.8325 0.1675 
815 8150003  0 0.865 0.135 
816 8160003  0 0.5725 0.4275 
817 8170003  0 0.77 0.23 
818 8180003  0 0.855 0.145 
819 8190003  0 0.905 0.095 
820 8200003  0 0.8725 0.1275 
821 8210003  0 0.23 0.77 
822 8220003  0 0.6325 0.3675 
823 8230003  1 0.8 0.2 
824 8240003  0 0.735 0.265 
825 8250003  0 0.735 0.265 
826 8260003  0 0.4075 0.5925 
827 8270003  0 0.605 0.395 
828 8280003  0 0.8425 0.1575 
829 8290003  1 0.8575 0.1425 
830 8300003  1 0.6775 0.3225 
831 8310003  0 0.86 0.14 
832 8320003  0 0.7275 0.2725 
833 8330003  0 0.86 0.14 
834 8340003  0 0.51 0.49 
835 8350003  0 0.8875 0.1125 
836 8360003  0 0.685 0.315 
837 8370003  1 0.66 0.34 
838 8380003  1 0.6775 0.3225 
839 8390003  0 0.815 0.185 
840 8400003  0 0.7275 0.2725 
841 8410003  0 0.5825 0.4175 
842 8420003  0 0.89 0.11 
843 8430003  0 0.8075 0.1925 
844 8440003  0 0.895 0.105 
845 8450003  0 0.7375 0.2625 
846 8460003  0 0.68 0.32 
847 8470003  1 0.87 0.13 
848 8480003  1 0.84 0.16 
849 8490003  1 0.8025 0.1975 
850 8500003  1 0.88 0.12 
851 8510003  1 0.8075 0.1925 
852 8520003  1 0.72 0.28 
853 8530003  1 0.6675 0.3325 
854 8540003  1 0.8475 0.1525 
855 8550003  1 0.8975 0.1025 
856 8560003  1 0.8875 0.1125 
857 8570003  1 0.8875 0.1125 
858 8580003  1 0.6625 0.3375 
859 8590003  1 0.665 0.335 
860 8600003  1 0.765 0.235 
861 8610003  1 0.775 0.225 
862 8620003  1 0.4375 0.5625 
863 8630003  1 0.8125 0.1875 
864 8640003  1 0.8325 0.1675 
865 8650003  1 0.7675 0.2325 
866 8660003  1 0.87 0.13 
867 8670003  1 0.935 0.065 
868 8680003  1 0.885 0.115 
869 8690003  1 0.8 0.2 
870 8700003  1 0.7525 0.2475 
871 8710003  1 0.795 0.205 
872 8720003  1 0.7275 0.2725 
873 8730003  1 0.75 0.25 
874 8740003  1 0.7625 0.2375 
875 8750003  1 0.7125 0.2875 
876 8760003  1 0.8875 0.1125 
877 8770003  1 0.8625 0.1375 
878 8780003  1 0.79 0.21 
879 8790003  1 0.7525 0.2475 
880 8800003  1 0.87 0.13 
881 8810003  1 0.8325 0.1675 
882 8820003  1 0.8775 0.1225 
883 8830003  1 0.8525 0.1475 
884 8840003  1 0.8475 0.1525 
885 8850003  1 0.8925 0.1075 
886 8860003  1 0.4225 0.5775 
887 8870003  1 0.8825 0.1175 
888 8880003  1 0.8025 0.1975 
889 8890003  1 0.7425 0.2575 
890 8900003  1 0.9325 0.0675 
891 8910003  1 0.8525 0.1475 
892 8920003  1 0.8075 0.1925 
893 8930003  1 0.8775 0.1225 
894 8940003  1 0.85 0.15 
895 8950003  1 0.675 0.325 
896 8960003  1 0.84 0.16 
897 8970003  1 0.8925 0.1075 
898 8980003  1 0.66 0.34 
899 8990003  1 0.7525 0.2475 
900 9000003  1 0.8775 0.1225 
901 9010003  1 0.7775 0.2225 
902 9020003  1 0.625 0.375 
903 9030003  1 0.7325 0.2675 
904 9040003  1 0.895 0.105 
905 9050003  1 0.875 0.125 
906 9060003  1 0.6725 0.3275 
907 9070003  1 0.8075 0.1925 
908 9080003  1 0.81 0.19 
909 9090003  1 0.885 0.115 
910 9100003  1 0.65 0.35 
911 9110003  1 0.805 0.195 
912 9120003  1 0.57 0.43 
913 9130003  1 0.7725 0.2275 
914 9140003  1 0.745 0.255 
915 9150003  1 0.7475 0.2525 
916 9160003  1 0.7875 0.2125 
917 9170003  1 0.8525 0.1475 
918 9180003  1 0.62 0.38 
919 9190003  1 0.415 0.585 
920 9200003  1 0.765 0.235 
921 9210003  1 0.84 0.16 
922 9220003  1 0.56 0.44 
923 9230003  1 0.89 0.11 
924 9240003  1 0.815 0.185 
925 9250003  1 0.8675 0.1325 
926 9260003  1 0.7375 0.2625 
927 9270003  1 0.89 0.11 
928 9280003  1 0.87 0.13 
929 9290003  1 0.86 0.14 
930 9300003  1 0.77 0.23 
931 9310003  1 0.74 0.26 
932 9320003  1 0.83 0.17 
933 9330003  1 0.8225 0.1775 
934 9340003  1 0.675 0.325 
935 9350003  1 0.815 0.185 
936 9360003  1 0.7125 0.2875 
937 9370003  1 0.86 0.14 
938 9380003  1 0.8275 0.1725 
939 9390003  1 0.8375 0.1625 
940 9400003  1 0.9125 0.0875 
941 9410003  1 0.6975 0.3025 
942 9420003  1 0.87 0.13 
943 9430003  1 0.735 0.265 
944 9440003  1 0.925 0.075 
945 9450003  1 0.54 0.46 
946 9460003  1 0.8575 0.1425 
947 9470003  1 0.765 0.235 
948 9480003  1 0.815 0.185 
949 9490003  1 0.905 0.095 
950 9500003  1 0.8725 0.1275 
951 9510003  1 0.885 0.115 
952 9520003  1 0.7775 0.2225 
953 9530003  1 0.6525 0.3475 
954 9540003  1 0.8025 0.1975 
955 9550003  1 0.75 0.25 
956 9560003  1 0.8375 0.1625 
957 9570003  1 0.785 0.215 
958 9580003  1 0.745 0.255 
959 9590003  1 0.765 0.235 
960 9600003  1 0.8675 0.1325 
961 9610003  1 0.7975 0.2025 
962 9620003  1 0.75 0.25 
963 9630003  1 0.8275 0.1725 
964 9640003  1 0.7825 0.2175 
965 9650003  1 0.8225 0.1775 
966 9660003  1 0.66 0.34 
967 9670003  1 0.8675 0.1325 
968 9680003  1 0.425 0.575 
969 9690003  1 0.785 0.215 
970 9700003  1 0.795 0.205 
971 9710003  1 0.855 0.145 
972 9720003  1 0.7925 0.2075 
973 9730003  1 0.5375 0.4625 
974 9740003  1 0.655 0.345 
975 9750003  1 0.8475 0.1525 
976 9760003  1 0.7825 0.2175 
977 9770003  1 0.42 0.58 
978 9780003  1 0.7975 0.2025 
979 9790003  1 0.9175 0.0825 
980 9800003  1 0.78 0.22 
981 9810003  1 0.7625 0.2375 
982 9820003  1 0.8425 0.1575 
983 9830003  1 0.8725 0.1275 
984 9840003  1 0.8425 0.1575 
985 9850003  1 0.8325 0.1675 
986 9860003  1 0.45 0.55 
987 9870003  1 0.82 0.18 
988 9880003  1 0.7825 0.2175 
989 9890003  1 0.8125 0.1875 
990 9900003  1 0.8875 0.1125 
991 9910003  1 0.725 0.275 
992 9920003  1 0.795 0.205 
993 9930003  1 0.87 0.13 
994 9940003  1 0.87 0.13 
995 9950003  1 0.8825 0.1175 
996 9960003  1 0.9 0.1 
997 9970003  1 0.8975 0.1025 
998 9980003  1 0.83 0.17 
999 9990003  1 0.845 0.155 
1000 10000003  1 0.7275 0.2725 
1001 10010003  1 0.9225 0.0775 
1002 10020003  1 0.8875 0.1125 
1003 10030003  1 0.64 0.36 
1004 10040003  1 0.82 0.18 
1005 10050003  1 0.905 0.095 
1006 10060003  1 0.7975 0.2025 
1007 10070003  1 0.74 0.26 
1008 10080003  1 0.825 0.175 
1009 10090003  1 0.8225 0.1775 
1010 10100003  1 0.7025 0.2975 
1011 10110003  1 0.8025 0.1975 
1012 10120003  1 0.9025 0.0975 
1013 10130003  1 0.6825 0.3175 
1014 10140003  1 0.8425 0.1575 
1015 10150003  1 0.7875 0.2125 
1016 10160003  1 0.7975 0.2025 
1017 10170003  1 0.8875 0.1125 
1018 10180003  1 0.845 0.155 
1019 10190003  1 0.875 0.125 
1020 10200003  1 0.8425 0.1575 
1021 10210003  1 0.855 0.145 
1022 10220003  1 0.85 0.15 
1023 10230003  1 0.855 0.145 
1024 10240003  1 0.44 0.56 
1025 10250003  1 0.8425 0.1575 
1026 10260003  1 0.3875 0.6125 
1027 10270003  1 0.785 0.215 
1028 10280003  1 0.8125 0.1875 
1029 10290003  1 0.8625 0.1375 
1030 10300003  1 0.9025 0.0975 
1031 10310003  1 0.765 0.235 
1032 10320003  1 0.935 0.065 
1033 10330003  1 0.7275 0.2725 
1034 10340003  1 0.79 0.21 
1035 10350003  1 0.855 0.145 
1036 10360003  1 0.4525 0.5475 
1037 10370003  1 0.71 0.29 
1038 10380003  1 0.785 0.215 
1039 10390003  1 0.815 0.185 
1040 10400003  1 0.88 0.12 
1041 10410003  1 0.8475 0.1525 
1042 10420003  1 0.4125 0.5875 
1043 10430003  1 0.85 0.15 
1044 10440003  1 0.9 0.1 
1045 10450003  1 0.82 0.18 
1046 10460003  1 0.8425 0.1575 
1047 10470003  1 0.775 0.225 
1048 10480003  1 0.425 0.575 
1049 10490003  1 0.8575 0.1425 
1050 10500003  1 0.86 0.14 
1051 10510003  1 0.8325 0.1675 
1052 10520003  1 0.9075 0.0925 
1053 10530003  1 0.4575 0.5425 
1054 10540003  1 0.7675 0.2325 
1055 10550003  1 0.8825 0.1175 
1056 10560003  1 0.7475 0.2525 
1057 10570003  1 0.8225 0.1775 
1058 10580003  1 0.6425 0.3575 
1059 10590003  1 0.7475 0.2525 
1060 10600003  1 0.845 0.155 
1061 10610003  1 0.59 0.41 
1062 10620003  1 0.8075 0.1925 
1063 10630003  1 0.7775 0.2225 
1064 10640003  1 0.8625 0.1375 
1065 10650003  1 0.8075 0.1925 
1066 10660003  1 0.76 0.24 
1067 10670003  1 0.795 0.205 
1068 10680003  1 0.6625 0.3375 
1069 10690003  1 0.57 0.43 
1070 10700003  1 0.6925 0.3075 
1071 10710003  1 0.8475 0.1525 
1072 10720003  1 0.8275 0.1725 
1073 10730003  1 0.7575 0.2425 
1074 10740003  1 0.8575 0.1425 
1075 10750003  1 0.8525 0.1475 
1076 10760003  1 0.6675 0.3325 
1077 10770003  1 0.81 0.19 
1078 10780003  1 0.78 0.22 
1079 10790003  1 0.8225 0.1775 
1080 10800003  1 0.55 0.45 
1081 10810003  1 0.835 0.165 
1082 10820003  1 0.8025 0.1975 
1083 10830003  1 0.765 0.235 
1084 10840003  1 0.89 0.11 
1085 10850003  1 0.865 0.135 
1086 10860003  1 0.7225 0.2775 
1087 10870003  1 0.84 0.16 
1088 10880003  1 0.885 0.115 
1089 10890003  1 0.7425 0.2575 
1090 10900003  1 0.7625 0.2375 
1091 10910003  1 0.895 0.105 
1092 10920003  1 0.9075 0.0925 
1093 10930003  1 0.8425 0.1575 
1094 10940003  1 0.5725 0.4275 
1095 10950003  1 0.77 0.23 
1096 10960003  1 0.4425 0.5575 
1097 10970003  1 0.69 0.31 
1098 10980003  1 0.795 0.205 
1099 10990003  1 0.58 0.42 
1100 11000003  1 0.67 0.33 
1101 11010003  1 0.7975 0.2025 
1102 11020003  1 0.925 0.075 
1103 11030003  1 0.8025 0.1975 
1104 11040003  1 0.9325 0.0675 
1105 11050003  1 0.885 0.115 
1106 11060003  1 0.8425 0.1575 
1107 11070003  1 0.835 0.165 
1108 11080003  1 0.805 0.195 
1109 11090003  1 0.8475 0.1525 
1110 11100003  1 0.84 0.16 
1111 11110003  1 0.92 0.08 
1112 11120003  1 0.685 0.315 
1113 11130003  1 0.88 0.12 
1114 11140003  1 0.835 0.165 
1115 11150003  1 0.745 0.255 
1116 11160003  1 0.8325 0.1675 
1117 11170003  1 0.7975 0.2025 
1118 11180003  1 0.8625 0.1375 
1119 11190003  1 0.9075 0.0925 
1120 11200003  1 0.8025 0.1975 
1121 11210003  1 0.9 0.1 
1122 11220003  1 0.8525 0.1475 
1123 11230003  1 0.8525 0.1475 
1124 11240003  1 0.9025 0.0975 
1125 11250003  1 0.685 0.315 
1126 11260003  1 0.8225 0.1775 
1127 11270003  1 0.685 0.315 
1128 11280003  1 0.7725 0.2275 
1129 11290003  1 0.895 0.105 
1130 11300003  1 0.6725 0.3275 
1131 11310003  1 0.8875 0.1125 
1132 11320003  1 0.7125 0.2875 
1133 11330003  1 0.7075 0.2925 
1134 11340003  1 0.79 0.21 
1135 11350003  1 0.895 0.105 
1136 11360003  1 0.72 0.28 
1137 11370003  1 0.8775 0.1225 
1138 11380003  1 0.7625 0.2375 
1139 11390003  1 0.82 0.18 
1140 11400003  1 0.8725 0.1275 
1141 11410003  1 0.745 0.255 
1142 11420003  1 0.8575 0.1425 
1143 11430003  1 0.85 0.15 
1144 11440003  1 0.865 0.135 
1145 11450003  1 0.8775 0.1225 
1146 11460003  1 0.88 0.12 
1147 11470003  1 0.9 0.1 
1148 11480003  1 0.895 0.105 
1149 11490003  1 0.895 0.105 
1150 11500003  1 0.83 0.17 
1151 11510003  1 0.6325 0.3675 
1152 11520003  1 0.755 0.245 
1153 11530003  1 0.6925 0.3075 
1154 11540003  1 0.76 0.24 
1155 11550003  1 0.86 0.14 
1156 11560003  1 0.905 0.095 
1157 11570003  1 0.82 0.18 
1158 11580003  1 0.885 0.115 
1159 11590003  1 0.7925 0.2075 
1160 11600003  1 0.79 0.21 
1161 11610003  1 0.3425 0.6575 
1162 11620003  1 0.7725 0.2275 
1163 11630003  1 0.825 0.175 
1164 11640003  1 0.675 0.325 
1165 11650003  1 0.4725 0.5275 
1166 11660003  1 0.84 0.16 
1167 11670003  1 0.8225 0.1775 
1168 11680003  1 0.805 0.195 
1169 11690003  1 0.9075 0.0925 
1170 11700003  1 0.8525 0.1475 
1171 11710003  1 0.705 0.295 
1172 11720003  1 0.86 0.14 
1173 11730003  1 0.8275 0.1725 
1174 11740003  1 0.4375 0.5625 
1175 11750003  1 0.8175 0.1825 
1176 11760003  1 0.905 0.095 
1177 11770003  1 0.4175 0.5825 
1178 11780003  1 0.945 0.055 
1179 11790003  1 0.87 0.13 
1180 11800003  1 0.6725 0.3275 
1181 11810003  1 0.85 0.15 
1182 11820003  1 0.7575 0.2425 
1183 11830003  1 0.825 0.175 
1184 11840003  1 0.3925 0.6075 
1185 11850003  1 0.8075 0.1925 
1186 11860003  1 0.77 0.23 
1187 11870003  1 0.7475 0.2525 
1188 11880003  1 0.7 0.3 
1189 11890003  1 0.67 0.33 
1190 11900003  1 0.8425 0.1575 
1191 11910003  1 0.905 0.095 
1192 11920003  1 0.8825 0.1175 
1193 11930003  1 0.885 0.115 
1194 11940003  1 0.8975 0.1025 
1195 11950003  1 0.6025 0.3975 
1196 11960003  1 0.735 0.265 
1197 11970003  1 0.82 0.18 
1198 11980003  1 0.78 0.22 
1199 11990003  1 0.825 0.175 
1200 12000003  1 0.51 0.49 
