14 1 597680 1 597680 0 0
14 597681 1195360 597681 1195360 0 0
14 1195361 1793040 1195361 1793040 0 0
14 1793041 2390720 1793041 2390720 0 0
14 2390721 2988400 2390721 2988400 0 0
14 2988401 3586080 2988401 3586080 0 0
14 3586081 4183760 3586081 4183760 0 0
14 4183761 4781440 4183761 4781440 0 0
14 4781441 5379120 4781441 5379120 0 0
14 5379121 5976800 5379121 5976800 0 0
14 5976801 6574480 5976801 6574480 0 0
14 6574481 7172160 6574481 7172160 0 0
14 7172161 7769840 7172161 7769840 0 0
14 7769841 8367520 7769841 8367520 0 0
14 8367521 8965200 8367521 8965200 0 0
14 8965201 9562880 8965201 9562880 0 0
14 9562881 10160560 9562881 10160560 0 0
14 10160561 10758240 10160561 10758240 0 0
14 10758241 11355920 10758241 11355920 0 0
14 11355921 11953600 11355921 11953600 0 0
14 11953601 12551280 11953601 12551280 0 0
14 12551281 13148960 12551281 13148960 0 0
14 13148961 13746640 13148961 13746640 0 0
14 13746641 14344320 13746641 14344320 0 0
14 14344321 14942000 14344321 14942000 0 0
14 14942001 15539680 14942001 15539680 0 0
14 15539681 16137360 15539681 16137360 0 0
14 16137361 16735040 16137361 16735040 0 0
14 16735041 17332720 16735041 17332720 0 0
14 17332721 17930400 17332721 17930400 0 0
14 17930401 18528080 17930401 18528080 0 1
14 18528081 19125760 18528081 19125760 0 0
14 19125761 19723440 19125761 19723440 17 2
14 19723441 20321120 19723441 20321120 50 36
14 20321121 20918800 20321121 20918800 27 9
14 20918801 21516480 20918801 21516480 53 14
14 21516481 22114160 21516481 22114160 65 12
14 22114161 22711840 22114161 22711840 26 8
14 22711841 23309520 22711841 23309520 28 20
14 23309521 23907200 23309521 23907200 24 25
14 23907201 24504880 23907201 24504880 77 9
14 24504881 25102560 24504881 25102560 43 3
14 25102561 25700240 25102561 25700240 40 6
14 25700241 26297920 25700241 26297920 26 2
14 26297921 26895600 26297921 26895600 32 10
14 26895601 27493280 26895601 27493280 27 4
14 27493281 28090960 27493281 28090960 25 6
14 28090961 28688640 28090961 28688640 25 1
14 28688641 29286320 28688641 29286320 32 14
14 29286321 29884000 29286321 29884000 26 5
14 29884001 30481680 29884001 30481680 35 8
14 30481681 31079360 30481681 31079360 32 5
14 31079361 31677040 31079361 31677040 36 4
14 31677041 32274720 31677041 32274720 31 19
14 32274721 32872400 32274721 32872400 49 27
14 32872401 33470080 32872401 33470080 66 8
14 33470081 34067760 33470081 34067760 39 6
14 34067761 34665440 34067761 34665440 33 418
14 34665441 35263120 34665441 35263120 34 538
14 35263121 35860800 35263121 35860800 33 8
14 35860801 36458480 35860801 36458480 55 6
14 36458481 37056160 36458481 37056160 28 9
14 37056161 37653840 37056161 37653840 33 7
14 37653841 38251520 37653841 38251520 35 5
14 38251521 38849200 38251521 38849200 43 32
14 38849201 39446880 38849201 39446880 43 4
14 39446881 40044560 39446881 40044560 42 16
14 40044561 40642240 40044561 40642240 35 7
14 40642241 41239920 40642241 41239920 35 3
14 41239921 41837600 41239921 41837600 35 4
14 41837601 42435280 41837601 42435280 38 2
14 42435281 43032960 42435281 43032960 34 19
14 43032961 43630640 43032961 43630640 25 5
14 43630641 44228320 43630641 44228320 45 3
14 44228321 44826000 44228321 44826000 21 11
14 44826001 45423680 44826001 45423680 20 4
14 45423681 46021360 45423681 46021360 35 4
14 46021361 46619040 46021361 46619040 33 5
14 46619041 47216720 46619041 47216720 34 8
14 47216721 47814400 47216721 47814400 60 0
14 47814401 48412080 47814401 48412080 35 3
14 48412081 49009760 48412081 49009760 40 8
14 49009761 49607440 49009761 49607440 41 10
14 49607441 50205120 49607441 50205120 22 6
14 50205121 50802800 50205121 50802800 50 11
14 50802801 51400480 50802801 51400480 52 19
14 51400481 51998160 51400481 51998160 62 24
14 51998161 52595840 51998161 52595840 35 5
14 52595841 53193520 52595841 53193520 48 8
14 53193521 53791200 53193521 53791200 46 4
14 53791201 54388880 53791201 54388880 30 11
14 54388881 54986560 54388881 54986560 26 12
14 54986561 55584240 54986561 55584240 51 9
14 55584241 56181920 55584241 56181920 68 10
14 56181921 56779600 56181921 56779600 45 4
14 56779601 57377280 56779601 57377280 36 12
14 57377281 57974960 57377281 57974960 51 1
14 57974961 58572640 57974961 58572640 60 11
14 58572641 59170320 58572641 59170320 60 9
14 59170321 59768000 59170321 59768000 29 4
14 59768001 60365680 59768001 60365680 29 4
14 60365681 60963360 60365681 60963360 31 13
14 60963361 61561040 60963361 61561040 33 16
14 61561041 62158720 61561041 62158720 50 24
14 62158721 62756400 62158721 62756400 44 4
14 62756401 63354080 62756401 63354080 27 3
14 63354081 63951760 63354081 63951760 51 7
14 63951761 64549440 63951761 64549440 49 14
14 64549441 65147120 64549441 65147120 31 8
14 65147121 65744800 65147121 65744800 43 8
14 65744801 66342480 65744801 66342480 48 3
14 66342481 66940160 66342481 66940160 31 2
14 66940161 67537840 66940161 67537840 30 10
14 67537841 68135520 67537841 68135520 58 3
14 68135521 68733200 68135521 68733200 56 417
14 68733201 69330880 68733201 69330880 40 6
14 69330881 69928560 69330881 69928560 43 8
14 69928561 70526240 69928561 70526240 46 17
14 70526241 71123920 70526241 71123920 32 8
14 71123921 71721600 71123921 71721600 54 7
14 71721601 72319280 71721601 72319280 64 11
14 72319281 72916960 72319281 72916960 37 19
14 72916961 73514640 72916961 73514640 45 17
14 73514641 74112320 73514641 74112320 54 15
14 74112321 74710000 74112321 74710000 24 7
14 74710001 75307680 74710001 75307680 48 19
14 75307681 75905360 75307681 75905360 43 6
14 75905361 76503040 75905361 76503040 45 15
14 76503041 77100720 76503041 77100720 49 14
14 77100721 77698400 77100721 77698400 72 11
14 77698401 78296080 77698401 78296080 70 11
14 78296081 78893760 78296081 78893760 27 7
14 78893761 79491440 78893761 79491440 64 10
14 79491441 80089120 79491441 80089120 39 7
14 80089121 80686800 80089121 80686800 55 1342
14 80686801 81284480 80686801 81284480 40 7
14 81284481 81882160 81284481 81882160 37 9
14 81882161 82479840 81882161 82479840 49 8
14 82479841 83077520 82479841 83077520 45 15
14 83077521 83675200 83077521 83675200 40 16
14 83675201 84272880 83675201 84272880 26 5
14 84272881 84870560 84272881 84870560 50 14
14 84870561 85468240 84870561 85468240 59 5
14 85468241 86065920 85468241 86065920 29 4
14 86065921 86663600 86065921 86663600 39 6
14 86663601 87261280 86663601 87261280 42 3
14 87261281 87858960 87261281 87858960 65 1153
14 87858961 88456640 87858961 88456640 33 3
14 88456641 89054320 88456641 89054320 46 5
14 89054321 89652000 89054321 89652000 47 7
14 89652001 90249680 89652001 90249680 32 5
14 90249681 90847360 90249681 90847360 31 25
14 90847361 91445040 90847361 91445040 36 12
14 91445041 92042720 91445041 92042720 45 11
14 92042721 92640400 92042721 92640400 46 13
14 92640401 93238080 92640401 93238080 35 4
14 93238081 93835760 93238081 93835760 53 9
14 93835761 94433440 93835761 94433440 80 29
14 94433441 95031120 94433441 95031120 46 8
14 95031121 95628800 95031121 95628800 62 11
14 95628801 96226480 95628801 96226480 44 10
14 96226481 96824160 96226481 96824160 43 12
14 96824161 97421840 96824161 97421840 36 7
14 97421841 98019520 97421841 98019520 62 547
14 98019521 98617200 98019521 98617200 60 7
14 98617201 99214880 98617201 99214880 40 9
14 99214881 99812560 99214881 99812560 42 1
14 99812561 100410240 99812561 100410240 20 127
14 100410241 101007920 100410241 101007920 34 3
14 101007921 101605600 101007921 101605600 21 8
14 101605601 102203280 101605601 102203280 29 2
14 102203281 102800960 102203281 102800960 28 4
14 102800961 103398640 102800961 103398640 38 52
14 103398641 103996320 103398641 103996320 21 29
14 103996321 104594000 103996321 104594000 24 2
14 104594001 105191680 104594001 105191680 9 6
14 105191681 106296206 105191681 106296206 1 5
