15 1 597710 1 597710 0 0
15 597711 1195420 597711 1195420 0 0
15 1195421 1793130 1195421 1793130 0 0
15 1793131 2390840 1793131 2390840 0 0
15 2390841 2988550 2390841 2988550 0 0
15 2988551 3586260 2988551 3586260 0 0
15 3586261 4183970 3586261 4183970 0 0
15 4183971 4781680 4183971 4781680 0 0
15 4781681 5379390 4781681 5379390 0 0
15 5379391 5977100 5379391 5977100 0 0
15 5977101 6574810 5977101 6574810 0 0
15 6574811 7172520 6574811 7172520 0 0
15 7172521 7770230 7172521 7770230 0 0
15 7770231 8367940 7770231 8367940 0 0
15 8367941 8965650 8367941 8965650 0 0
15 8965651 9563360 8965651 9563360 0 0
15 9563361 10161070 9563361 10161070 0 0
15 10161071 10758780 10161071 10758780 0 0
15 10758781 11356490 10758781 11356490 0 0
15 11356491 11954200 11356491 11954200 0 0
15 11954201 12551910 11954201 12551910 0 0
15 12551911 13149620 12551911 13149620 0 0
15 13149621 13747330 13149621 13747330 0 0
15 13747331 14345040 13747331 14345040 0 0
15 14345041 14942750 14345041 14942750 0 0
15 14942751 15540460 14942751 15540460 0 0
15 15540461 16138170 15540461 16138170 0 0
15 16138171 16735880 16138171 16735880 0 0
15 16735881 17333590 16735881 17333590 0 0
15 17333591 17931300 17333591 17931300 0 0
15 17931301 18529010 17931301 18529010 0 0
15 18529011 19126720 18529011 19126720 0 0
15 19126721 19724430 19126721 19724430 0 0
15 19724431 20322140 19724431 20322140 0 1
15 20322141 20919850 20322141 20919850 4 3
15 20919851 21517560 20919851 21517560 6 1
15 21517561 22115270 21517561 22115270 12 10
15 22115271 22712980 22115271 22712980 12 5
15 22712981 23310690 22712981 23310690 9 7
15 23310691 23908400 23310691 23908400 18 14
15 23908401 24506110 23908401 24506110 19 9
15 24506111 25103820 24506111 25103820 10 9
15 25103821 25701530 25103821 25701530 20 9
15 25701531 26299240 25701531 26299240 9 3
15 26299241 26896950 26299241 26896950 0 0
15 26896951 27494660 26896951 27494660 16 9
15 27494661 28092370 27494661 28092370 16 12
15 28092371 28690080 28092371 28690080 0 1
15 28690081 29287790 28690081 29287790 12 8
15 29287791 29885500 29287791 29885500 18 22
15 29885501 30483210 29885501 30483210 11 14
15 30483211 31080920 30483211 31080920 25 13
15 31080921 31678630 31080921 31678630 30 13
15 31678631 32276340 31678631 32276340 21 11
15 32276341 32874050 32276341 32874050 14 12
15 32874051 33471760 32874051 33471760 11 3
15 33471761 34069470 33471761 34069470 24 4
15 34069471 34667180 34069471 34667180 26 11
15 34667181 35264890 34667181 35264890 11 14
15 35264891 35862600 35264891 35862600 11 2
15 35862601 36460310 35862601 36460310 19 33
15 36460311 37058020 36460311 37058020 27 323
15 37058021 37655730 37058021 37655730 30 12
15 37655731 38253440 37655731 38253440 29 6
15 38253441 38851150 38253441 38851150 10 11
15 38851151 39448860 38851151 39448860 12 10
15 39448861 40046570 39448861 40046570 18 19
15 40046571 40644280 40046571 40644280 20 6
15 40644281 41241990 40644281 41241990 16 5
15 41241991 41839700 41241991 41839700 13 5
15 41839701 42437410 41839701 42437410 13 1
15 42437411 43035120 42437411 43035120 6 13
15 43035121 43632830 43035121 43632830 17 8
15 43632831 44230540 43632831 44230540 21 4
15 44230541 44828250 44230541 44828250 26 18
15 44828251 45425960 44828251 45425960 13 7
15 45425961 46023670 45425961 46023670 31 24
15 46023671 46621380 46023671 46621380 6 8
15 46621381 47219090 46621381 47219090 18 4
15 47219091 47816800 47219091 47816800 19 3
15 47816801 48414510 47816801 48414510 29 7
15 48414511 49012220 48414511 49012220 14 5
15 49012221 49609930 49012221 49609930 21 14
15 49609931 50207640 49609931 50207640 10 6
15 50207641 50805350 50207641 50805350 15 5
15 50805351 51403060 50805351 51403060 19 16
15 51403061 52000770 51403061 52000770 19 16
15 52000771 52598480 52000771 52598480 23 9
15 52598481 53196190 52598481 53196190 29 12
15 53196191 53793900 53196191 53793900 16 17
15 53793901 54391610 53793901 54391610 16 10
15 54391611 54989320 54391611 54989320 8 6
15 54989321 55587030 54989321 55587030 14 15
15 55587031 56184740 55587031 56184740 22 21
15 56184741 56782450 56184741 56782450 32 33
15 56782451 57380160 56782451 57380160 18 13
15 57380161 57977870 57380161 57977870 28 7
15 57977871 58575580 57977871 58575580 16 8
15 58575581 59173290 58575581 59173290 34 24
15 59173291 59771000 59173291 59771000 22 32
15 59771001 60368710 59771001 60368710 20 12
15 60368711 60966420 60368711 60966420 30 13
15 60966421 61564130 60966421 61564130 18 13
15 61564131 62161840 61564131 62161840 24 10
15 62161841 62759550 62161841 62759550 15 4
15 62759551 63357260 62759551 63357260 15 4
15 63357261 63954970 63357261 63954970 10 2
15 63954971 64552680 63954971 64552680 20 9
15 64552681 65150390 64552681 65150390 27 7
15 65150391 65748100 65150391 65748100 12 176
15 65748101 66345810 65748101 66345810 23 5
15 66345811 66943520 66345811 66943520 23 11
15 66943521 67541230 66943521 67541230 11 6
15 67541231 68138940 67541231 68138940 17 23
15 68138941 68736650 68138941 68736650 17 10
15 68736651 69334360 68736651 69334360 16 2
15 69334361 69932070 69334361 69932070 23 5
15 69932071 70529780 69932071 70529780 18 5
15 70529781 71127490 70529781 71127490 14 5
15 71127491 71725200 71127491 71725200 12 8
15 71725201 72322910 71725201 72322910 15 20
15 72322911 72920620 72322911 72920620 18 23
15 72920621 73518330 72920621 73518330 8 2
15 73518331 74116040 73518331 74116040 9 4
15 74116041 74713750 74116041 74713750 11 5
15 74713751 75311460 74713751 75311460 22 4
15 75311461 75909170 75311461 75909170 12 6
15 75909171 76506880 75909171 76506880 20 7
15 76506881 77104590 76506881 77104590 12 487
15 77104591 77702300 77104591 77702300 20 13
15 77702301 78300010 77702301 78300010 30 6
15 78300011 78897720 78300011 78897720 23 27
15 78897721 79495430 78897721 79495430 16 8
15 79495431 80093140 79495431 80093140 17 4
15 80093141 80690850 80093141 80690850 13 1
15 80690851 81288560 80690851 81288560 5 10
15 81288561 81886270 81288561 81886270 20 5
15 81886271 82483980 81886271 82483980 17 7
15 82483981 83081690 82483981 83081690 7 3
15 83081691 83679400 83081691 83679400 25 3
15 83679401 84277110 83679401 84277110 22 22
15 84277111 84874820 84277111 84874820 33 12
15 84874821 85472530 84874821 85472530 19 4
15 85472531 86070240 85472531 86070240 24 12
15 86070241 86667950 86070241 86667950 27 30
15 86667951 87265660 86667951 87265660 8 22
15 87265661 87863370 87265661 87863370 15 14
15 87863371 88461080 87863371 88461080 18 4
15 88461081 89058790 88461081 89058790 19 7
15 89058791 89656500 89058791 89656500 22 20
15 89656501 90254210 89656501 90254210 21 13
15 90254211 90851920 90254211 90851920 26 18
15 90851921 91449630 90851921 91449630 17 44
15 91449631 92047340 91449631 92047340 26 17
15 92047341 92645050 92047341 92645050 14 5
15 92645051 93242760 92645051 93242760 30 19
15 93242761 93840470 93242761 93840470 20 7
15 93840471 94438180 93840471 94438180 18 13
15 94438181 95035890 94438181 95035890 8 10
15 95035891 95633600 95035891 95633600 22 12
15 95633601 96231310 95633601 96231310 14 15
15 96231311 96829020 96231311 96829020 16 7
15 96829021 97426730 96829021 97426730 29 15
15 97426731 98024440 97426731 98024440 22 6
15 98024441 98622150 98024441 98622150 13 13
15 98622151 100194178 98622151 100194178 46 16
