13 1 598816 1 598816 0 0
13 598817 1197632 598817 1197632 0 0
13 1197633 1796448 1197633 1796448 0 0
13 1796449 2395264 1796449 2395264 0 0
13 2395265 2994080 2395265 2994080 0 0
13 2994081 3592896 2994081 3592896 0 0
13 3592897 4191712 3592897 4191712 0 0
13 4191713 4790528 4191713 4790528 0 0
13 4790529 5389344 4790529 5389344 0 0
13 5389345 5988160 5389345 5988160 0 0
13 5988161 6586976 5988161 6586976 0 0
13 6586977 7185792 6586977 7185792 0 0
13 7185793 7784608 7185793 7784608 0 0
13 7784609 8383424 7784609 8383424 0 0
13 8383425 8982240 8383425 8982240 0 0
13 8982241 9581056 8982241 9581056 0 0
13 9581057 10179872 9581057 10179872 0 0
13 10179873 10778688 10179873 10778688 0 0
13 10778689 11377504 10778689 11377504 0 0
13 11377505 11976320 11377505 11976320 0 0
13 11976321 12575136 11976321 12575136 0 0
13 12575137 13173952 12575137 13173952 0 0
13 13173953 13772768 13173953 13772768 0 0
13 13772769 14371584 13772769 14371584 0 0
13 14371585 14970400 14371585 14970400 0 0
13 14970401 15569216 14970401 15569216 0 0
13 15569217 16168032 15569217 16168032 0 0
13 16168033 16766848 16168033 16766848 0 0
13 16766849 17365664 16766849 17365664 0 0
13 17365665 17964480 17365665 17964480 0 0
13 17964481 18563296 17964481 18563296 13 3
13 18563297 19162112 18563297 19162112 13 2
13 19162113 19760928 19162113 19760928 14 8
13 19760929 20359744 19760929 20359744 35 20
13 20359745 20958560 20359745 20958560 18 7
13 20958561 21557376 20958561 21557376 25 12
13 21557377 22156192 21557377 22156192 25 14
13 22156193 22755008 22156193 22755008 18 22
13 22755009 23353824 22755009 23353824 31 11
13 23353825 23952640 23353825 23952640 27 9
13 23952641 24551456 23952641 24551456 32 6
13 24551457 25150272 24551457 25150272 19 6
13 25150273 25749088 25150273 25749088 25 7
13 25749089 26347904 25749089 26347904 30 12
13 26347905 26946720 26347905 26946720 33 231
13 26946721 27545536 26946721 27545536 19 11
13 27545537 28144352 27545537 28144352 25 60
13 28144353 28743168 28144353 28743168 20 10
13 28743169 29341984 28743169 29341984 25 9
13 29341985 29940800 29341985 29940800 18 29
13 29940801 30539616 29940801 30539616 27 10
13 30539617 31138432 30539617 31138432 20 2
13 31138433 31737248 31138433 31737248 25 13
13 31737249 32336064 31737249 32336064 17 8
13 32336065 32934880 32336065 32934880 38 16
13 32934881 33533696 32934881 33533696 21 10
13 33533697 34132512 33533697 34132512 22 17
13 34132513 34731328 34132513 34731328 16 5
13 34731329 35330144 34731329 35330144 30 11
13 35330145 35928960 35330145 35928960 29 8
13 35928961 36527776 35928961 36527776 44 2
13 36527777 37126592 36527777 37126592 29 10
13 37126593 37725408 37126593 37725408 27 9
13 37725409 38324224 37725409 38324224 14 6
13 38324225 38923040 38324225 38923040 30 7
13 38923041 39521856 38923041 39521856 19 14
13 39521857 40120672 39521857 40120672 21 23
13 40120673 40719488 40120673 40719488 12 1
13 40719489 41318304 40719489 41318304 21 14
13 41318305 41917120 41318305 41917120 25 514
13 41917121 42515936 41917121 42515936 28 148
13 42515937 43114752 42515937 43114752 21 1
13 43114753 43713568 43114753 43713568 22 1003
13 43713569 44312384 43713569 44312384 23 12
13 44312385 44911200 44312385 44911200 22 5
13 44911201 45510016 44911201 45510016 20 13
13 45510017 46108832 45510017 46108832 27 14
13 46108833 46707648 46108833 46707648 28 20
13 46707649 47306464 46707649 47306464 30 4
13 47306465 47905280 47306465 47905280 12 7
13 47905281 48504096 47905281 48504096 15 7
13 48504097 49102912 48504097 49102912 19 5
13 49102913 49701728 49102913 49701728 19 9
13 49701729 50300544 49701729 50300544 25 36
13 50300545 50899360 50300545 50899360 18 11
13 50899361 51498176 50899361 51498176 21 7
13 51498177 52096992 51498177 52096992 10 1
13 52096993 52695808 52096993 52695808 32 5
13 52695809 53294624 52695809 53294624 20 6
13 53294625 53893440 53294625 53893440 22 7
13 53893441 54492256 53893441 54492256 16 6
13 54492257 55091072 54492257 55091072 23 0
13 55091073 55689888 55091073 55689888 10 6
13 55689889 56288704 55689889 56288704 5 1
13 56288705 56887520 56288705 56887520 13 2
13 56887521 57486336 56887521 57486336 13 3
13 57486337 58085152 57486337 58085152 17 13
13 58085153 58683968 58085153 58683968 23 12
13 58683969 59282784 58683969 59282784 25 8
13 59282785 59881600 59282785 59881600 14 7
13 59881601 60480416 59881601 60480416 38 3
13 60480417 61079232 60480417 61079232 21 6
13 61079233 61678048 61079233 61678048 11 3
13 61678049 62276864 61678049 62276864 16 7
13 62276865 62875680 62276865 62875680 17 6
13 62875681 63474496 62875681 63474496 11 3
13 63474497 64073312 63474497 64073312 14 9
13 64073313 64672128 64073313 64672128 22 12
13 64672129 65270944 64672129 65270944 16 1
13 65270945 65869760 65270945 65869760 23 8
13 65869761 66468576 65869761 66468576 16 39
13 66468577 67067392 66468577 67067392 24 16
13 67067393 67666208 67067393 67666208 7 0
13 67666209 68265024 67666209 68265024 11 4
13 68265025 68863840 68265025 68863840 27 9
13 68863841 69462656 68863841 69462656 18 2
13 69462657 70061472 69462657 70061472 26 3
13 70061473 70660288 70061473 70660288 34 6
13 70660289 71259104 70660289 71259104 10 0
13 71259105 71857920 71259105 71857920 35 9
13 71857921 72456736 71857921 72456736 13 23
13 72456737 73055552 72456737 73055552 25 2
13 73055553 73654368 73055553 73654368 25 12
13 73654369 74253184 73654369 74253184 36 18
13 74253185 74852000 74253185 74852000 18 2
13 74852001 75450816 74852001 75450816 36 22
13 75450817 76049632 75450817 76049632 34 7
13 76049633 76648448 76049633 76648448 26 14
13 76648449 77247264 76648449 77247264 16 9
13 77247265 77846080 77247265 77846080 25 3
13 77846081 78444896 77846081 78444896 25 8
13 78444897 79043712 78444897 79043712 12 14
13 79043713 79642528 79043713 79642528 23 19
13 79642529 80241344 79642529 80241344 19 1
13 80241345 80840160 80241345 80840160 21 6
13 80840161 81438976 80840161 81438976 25 10
13 81438977 82037792 81438977 82037792 14 2
13 82037793 82636608 82037793 82636608 16 7
13 82636609 83235424 82636609 83235424 24 22
13 83235425 83834240 83235425 83834240 14 4
13 83834241 84433056 83834241 84433056 15 5
13 84433057 85031872 84433057 85031872 21 5
13 85031873 85630688 85031873 85630688 20 4
13 85630689 86229504 85630689 86229504 20 4
13 86229505 86828320 86229505 86828320 8 6
13 86828321 87427136 86828321 87427136 18 2
13 87427137 88025952 87427137 88025952 20 8
13 88025953 88624768 88025953 88624768 15 1
13 88624769 89223584 88624769 89223584 12 3
13 89223585 89822400 89223585 89822400 37 3
13 89822401 90421216 89822401 90421216 23 7
13 90421217 91020032 90421217 91020032 23 12
13 91020033 91618848 91020033 91618848 25 1
13 91618849 92217664 91618849 92217664 22 7
13 92217665 92816480 92217665 92816480 31 6
13 92816481 93415296 92816481 93415296 33 7
13 93415297 94014112 93415297 94014112 35 3
13 94014113 94612928 94014113 94612928 36 14
13 94612929 95211744 94612929 95211744 30 6
13 95211745 95810560 95211745 95810560 21 8
13 95810561 96409376 95810561 96409376 21 2
13 96409377 97008192 96409377 97008192 11 6
13 97008193 97607008 97008193 97607008 15 13
13 97607009 98205824 97607009 98205824 23 15
13 98205825 98804640 98205825 98804640 31 21
13 98804641 99403456 98804641 99403456 30 231
13 99403457 100002272 99403457 100002272 19 5
13 100002273 100601088 100002273 100601088 27 14
13 100601089 101199904 100601089 101199904 33 17
13 101199905 101798720 101199905 101798720 20 5
13 101798721 102397536 101798721 102397536 31 14
13 102397537 102996352 102397537 102996352 31 11
13 102996353 103595168 102996353 103595168 29 11
13 103595169 104193984 103595169 104193984 22 8
13 104193985 104792800 104193985 104792800 25 9
13 104792801 105391616 104792801 105391616 27 7
13 105391617 105990432 105391617 105990432 34 10
13 105990433 106589248 105990433 106589248 15 12
13 106589249 107188064 106589249 107188064 29 8
13 107188065 107786880 107188065 107786880 23 5
13 107786881 108385696 107786881 108385696 27 9
13 108385697 108984512 108385697 108984512 28 7
13 108984513 109583328 108984513 109583328 24 27
13 109583329 110182144 109583329 110182144 33 21
13 110182145 110780960 110182145 110780960 22 10
13 110780961 111379776 110780961 111379776 18 16
13 111379777 111978592 111379777 111978592 16 8
13 111978593 112577408 111978593 112577408 19 3
13 112577409 114106015 112577409 114106015 41 22
