16 1 599101 1 599101 26 12
16 599102 1198202 599102 1198202 9 15
16 1198203 1797303 1198203 1797303 40 10
16 1797304 2396404 1797304 2396404 29 19
16 2396405 2995505 2396405 2995505 10 5
16 2995506 3594606 2995506 3594606 35 10
16 3594607 4193707 3594607 4193707 32 10
16 4193708 4792808 4193708 4792808 36 11
16 4792809 5391909 4792809 5391909 41 17
16 5391910 5991010 5391910 5991010 88 18
16 5991011 6590111 5991011 6590111 94 42
16 6590112 7189212 6590112 7189212 108 26
16 7189213 7788313 7189213 7788313 125 17
16 7788314 8387414 7788314 8387414 80 18
16 8387415 8986515 8387415 8986515 80 8
16 8986516 9585616 8986516 9585616 67 4
16 9585617 10184717 9585617 10184717 109 12
16 10184718 10783818 10184718 10783818 57 8
16 10783819 11382919 10783819 11382919 63 1896
16 11382920 11982020 11382920 11982020 29 29
16 11982021 12581121 11982021 12581121 76 15
16 12581122 13180222 12581122 13180222 60 6
16 13180223 13779323 13180223 13779323 89 13
16 13779324 14378424 13779324 14378424 47 4
16 14378425 14977525 14378425 14977525 12 0
16 14977526 15576626 14977526 15576626 12 0
16 15576627 16175727 15576627 16175727 83 8
16 16175728 16774828 16175728 16774828 3 0
16 16774829 17373929 16774829 17373929 56 9
16 17373930 17973030 17373930 17973030 37 9
16 17973031 18572131 17973031 18572131 6 0
16 18572132 19171232 18572132 19171232 35 2
16 19171233 19770333 19171233 19770333 62 5
16 19770334 20369434 19770334 20369434 38 7
16 20369435 20968535 20369435 20968535 44 1
16 20968536 21567636 20968536 21567636 21 3
16 21567637 22166737 21567637 22166737 24 4
16 22166738 22765838 22166738 22765838 24 4
16 22765839 23364939 22765839 23364939 50 18
16 23364940 23964040 23364940 23964040 54 46
16 23964041 24563141 23964041 24563141 46 11
16 24563142 25162242 24563142 25162242 47 9
16 25162243 25761343 25162243 25761343 65 16
16 25761344 26360444 25761344 26360444 69 7
16 26360445 26959545 26360445 26959545 89 13
16 26959546 27558646 26959546 27558646 42 42
16 27558647 28157747 27558647 28157747 50 3
16 28157748 28756848 28157748 28756848 9 253
16 28756849 29355949 28756849 29355949 21 161
16 29355950 29955050 29355950 29955050 24 7
16 29955051 30554151 29955051 30554151 16 173
16 30554152 31153252 30554152 31153252 29 550
16 31153253 31752353 31153253 31752353 22 186
16 31752354 32351454 31752354 32351454 2 0
16 32351455 32950555 32351455 32950555 0 0
16 32950556 33549656 32950556 33549656 0 0
16 33549657 34148757 33549657 34148757 2 0
16 34148758 34747858 34148758 34747858 2 3
16 34747859 35346959 34747859 35346959 4 2
16 35346960 35946060 35346960 35946060 0 0
16 35946061 36545161 35946061 36545161 0 0
16 36545162 37144262 36545162 37144262 0 0
16 37144263 37743363 37144263 37743363 0 0
16 37743364 38342464 37743364 38342464 0 0
16 38342465 38941565 38342465 38941565 0 0
16 38941566 39540666 38941566 39540666 0 0
16 39540667 40139767 39540667 40139767 0 0
16 40139768 40738868 40139768 40738868 0 0
16 40738869 41337969 40738869 41337969 0 0
16 41337970 41937070 41337970 41937070 0 0
16 41937071 42536171 41937071 42536171 0 0
16 42536172 43135272 42536172 43135272 0 0
16 43135273 43734373 43135273 43734373 0 0
16 43734374 44333474 43734374 44333474 0 0
16 44333475 44932575 44333475 44932575 0 0
16 44932576 45531676 44932576 45531676 10 3
16 45531677 46130777 45531677 46130777 29 2
16 46130778 46729878 46130778 46729878 16 4
16 46729879 47328979 46729879 47328979 29 5
16 47328980 47928080 47328980 47928080 50 6
16 47928081 48527181 47928081 48527181 49 12
16 48527182 49126282 48527182 49126282 29 23
16 49126283 49725383 49126283 49725383 58 349
16 49725384 50324484 49725384 50324484 56 13
16 50324485 50923585 50324485 50923585 71 8
16 50923586 51522686 50923586 51522686 49 39
16 51522687 52121787 51522687 52121787 41 5
16 52121788 52720888 52121788 52720888 58 50
16 52720889 53319989 52720889 53319989 59 8
16 53319990 53919090 53319990 53919090 78 20
16 53919091 54518191 53919091 54518191 60 17
16 54518192 55117292 54518192 55117292 54 3
16 55117293 55716393 55117293 55716393 50 22
16 55716394 56315494 55716394 56315494 53 29
16 56315495 56914595 56315495 56914595 62 14
16 56914596 57513696 56914596 57513696 60 14
16 57513697 58112797 57513697 58112797 43 7
16 58112798 58711898 58112798 58711898 37 11
16 58711899 59310999 58711899 59310999 54 6
16 59311000 59910100 59311000 59910100 35 2
16 59910101 60509201 59910101 60509201 38 6
16 60509202 61108302 60509202 61108302 45 13
16 61108303 61707403 61108303 61707403 51 6
16 61707404 62306504 61707404 62306504 44 9
16 62306505 62905605 62306505 62905605 51 7
16 62905606 63504706 62905606 63504706 57 55
16 63504707 64103807 63504707 64103807 60 7
16 64103808 64702908 64103808 64702908 68 7
16 64702909 65302009 64702909 65302009 61 12
16 65302010 65901110 65302010 65901110 33 12
16 65901111 66500211 65901111 66500211 21 14
16 66500212 67099312 66500212 67099312 39 182
16 67099313 67698413 67099313 67698413 32 582
16 67698414 68297514 67698414 68297514 48 4
16 68297515 68896615 68297515 68896615 21 7
16 68896616 69495716 68896616 69495716 25 15
16 69495717 70094817 69495717 70094817 36 2
16 70094818 70693918 70094818 70693918 70 18
16 70693919 71293019 70693919 71293019 34 12
16 71293020 71892120 71293020 71892120 30 13
16 71892121 72491221 71892121 72491221 81 6
16 72491222 73090322 72491222 73090322 42 10
16 73090323 73689423 73090323 73689423 42 16
16 73689424 74288524 73689424 74288524 49 743
16 74288525 74887625 74288525 74887625 48 4
16 74887626 75486726 74887626 75486726 62 2
16 75486727 76085827 75486727 76085827 116 15
16 76085828 76684928 76085828 76684928 135 14
16 76684929 77284029 76684929 77284029 130 14
16 77284030 77883130 77284030 77883130 124 24
16 77883131 78482231 77883131 78482231 86 21
16 78482232 79081332 78482232 79081332 110 22
16 79081333 79680433 79081333 79680433 76 16
16 79680434 80279534 79680434 80279534 78 27
16 80279535 80878635 80279535 80878635 66 14
16 80878636 81477736 80878636 81477736 125 21
16 81477737 82076837 81477737 82076837 136 7
16 82076838 82675938 82076838 82675938 107 21
16 82675939 83275039 82675939 83275039 69 26
16 83275040 83874140 83275040 83874140 68 12
16 83874141 84473241 83874141 84473241 15 10
16 84473242 85072342 84473242 85072342 116 157
16 85072343 85671443 85072343 85671443 68 25
16 85671444 86270544 85671444 86270544 51 9
16 86270545 86869645 86270545 86869645 39 9
16 86869646 87468746 86869646 87468746 10 19
16 87468747 88686339 87468747 88686339 96 33
