10 1 598499 1 598499 31 9
10 598500 1196998 598500 1196998 40 7
10 1196999 1795497 1196999 1795497 61 9
10 1795498 2393996 1795498 2393996 68 16
10 2393997 2992495 2393997 2992495 63 12
10 2992496 3590994 2992496 3590994 54 10
10 3590995 4189493 3590995 4189493 75 16
10 4189494 4787992 4189494 4787992 50 12
10 4787993 5386491 4787993 5386491 66 4
10 5386492 5984990 5386492 5984990 48 14
10 5984991 6583489 5984991 6583489 52 1281
10 6583490 7181988 6583490 7181988 87 189
10 7181989 7780487 7181989 7780487 52 21
10 7780488 8378986 7780488 8378986 53 21
10 8378987 8977485 8378987 8977485 76 3
10 8977486 9575984 8977486 9575984 45 4
10 9575985 10174483 9575985 10174483 45 6
10 10174484 10772982 10174484 10772982 54 10
10 10772983 11371481 10772983 11371481 79 9
10 11371482 11969980 11371482 11969980 31 12
10 11969981 12568479 11969981 12568479 39 16
10 12568480 13166978 12568480 13166978 72 17
10 13166979 13765477 13166979 13765477 46 3
10 13765478 14363976 13765478 14363976 67 17
10 14363977 14962475 14363977 14962475 82 10
10 14962476 15560974 14962476 15560974 29 7
10 15560975 16159473 15560975 16159473 35 23
10 16159474 16757972 16159474 16757972 50 21
10 16757973 17356471 16757973 17356471 69 24
10 17356472 17954970 17356472 17954970 41 9
10 17954971 18553469 17954971 18553469 34 6
10 18553470 19151968 18553470 19151968 66 9
10 19151969 19750467 19151969 19750467 44 14
10 19750468 20348966 19750468 20348966 59 9
10 20348967 20947465 20348967 20947465 66 14
10 20947466 21545964 20947466 21545964 52 5
10 21545965 22144463 21545965 22144463 18 1
10 22144464 22742962 22144464 22742962 15 0
10 22742963 23341461 22742963 23341461 36 5
10 23341462 23939960 23341462 23939960 34 6
10 23939961 24538459 23939961 24538459 46 5
10 24538460 25136958 24538460 25136958 44 22
10 25136959 25735457 25136959 25735457 31 8
10 25735458 26333956 25735458 26333956 53 5
10 26333957 26932455 26333957 26932455 51 7
10 26932456 27530954 26932456 27530954 46 9
10 27530955 28129453 27530955 28129453 62 5
10 28129454 28727952 28129454 28727952 42 12
10 28727953 29326451 28727953 29326451 67 8
10 29326452 29924950 29326452 29924950 61 10
10 29924951 30523449 29924951 30523449 63 16
10 30523450 31121948 30523450 31121948 40 295
10 31121949 31720447 31121949 31720447 25 16
10 31720448 32318946 31720448 32318946 29 3
10 32318947 32917445 32318947 32917445 33 10
10 32917446 33515944 32917446 33515944 48 13
10 33515945 34114443 33515945 34114443 61 13
10 34114444 34712942 34114444 34712942 39 13
10 34712943 35311441 34712943 35311441 33 103
10 35311442 35909940 35311442 35909940 27 901
10 35909941 36508439 35909941 36508439 41 29
10 36508440 37106938 36508440 37106938 43 3
10 37106939 37705437 37106939 37705437 26 2
10 37705438 38303936 37705438 38303936 31 4
10 38303937 38902435 38303937 38902435 14 1
10 38902436 39500934 38902436 39500934 1 0
10 39500935 40099433 39500935 40099433 0 0
10 40099434 40697932 40099434 40697932 0 0
10 40697933 41296431 40697933 41296431 0 0
10 41296432 41894930 41296432 41894930 2 0
10 41894931 42493429 41894931 42493429 20 4
10 42493430 43091928 42493430 43091928 34 8
10 43091929 43690427 43091929 43690427 38 18
10 43690428 44288926 43690428 44288926 66 16
10 44288927 44887425 44288927 44887425 55 12
10 44887426 45485924 44887426 45485924 39 11
10 45485925 46084423 45485925 46084423 0 1
10 46084424 46682922 46084424 46682922 0 0
10 46682923 47281421 46682923 47281421 0 1
10 47281422 47879920 47281422 47879920 0 0
10 47879921 48478419 47879921 48478419 18 4
10 48478420 49076918 48478420 49076918 1 0
10 49076919 49675417 49076919 49675417 53 168
10 49675418 50273916 49675418 50273916 60 538
10 50273917 50872415 50273917 50872415 36 3
10 50872416 51470914 50872416 51470914 5 4
10 51470915 52069413 51470915 52069413 29 4
10 52069414 52667912 52069414 52667912 35 4
10 52667913 53266411 52667913 53266411 50 9
10 53266412 53864910 53266412 53864910 70 11
10 53864911 54463409 53864911 54463409 43 5
10 54463410 55061908 54463410 55061908 48 124
10 55061909 55660407 55061909 55660407 47 6
10 55660408 56258906 55660408 56258906 36 11
10 56258907 56857405 56258907 56857405 27 10
10 56857406 57455904 56857406 57455904 27 1
10 57455905 58054403 57455905 58054403 26 1
10 58054404 58652902 58054404 58652902 39 2
10 58652903 59251401 58652903 59251401 42 24
10 59251402 59849900 59251402 59849900 51 757
10 59849901 60448399 59849901 60448399 34 6
10 60448400 61046898 60448400 61046898 48 6
10 61046899 61645397 61046899 61645397 58 88
10 61645398 62243896 61645398 62243896 48 1466
10 62243897 62842395 62243897 62842395 28 9
10 62842396 63440894 62842396 63440894 51 10
10 63440895 64039393 63440895 64039393 35 83
10 64039394 64637892 64039394 64637892 50 540
10 64637893 65236391 64637893 65236391 26 5
10 65236392 65834890 65236392 65834890 30 1
10 65834891 66433389 65834891 66433389 36 7
10 66433390 67031888 66433390 67031888 49 7
10 67031889 67630387 67031889 67630387 57 3
10 67630388 68228886 67630388 68228886 57 11
10 68228887 68827385 68228887 68827385 58 5
10 68827386 69425884 68827386 69425884 27 13
10 69425885 70024383 69425885 70024383 36 7
10 70024384 70622882 70024384 70622882 31 5
10 70622883 71221381 70622883 71221381 64 15
10 71221382 71819880 71221382 71819880 53 12
10 71819881 72418379 71819881 72418379 64 12
10 72418380 73016878 72418380 73016878 38 9
10 73016879 73615377 73016879 73615377 44 14
10 73615378 74213876 73615378 74213876 37 7
10 74213877 74812375 74213877 74812375 24 1
10 74812376 75410874 74812376 75410874 24 9
10 75410875 76009373 75410875 76009373 21 2
10 76009374 76607872 76009374 76607872 25 3
10 76607873 77206371 76607873 77206371 29 5
10 77206372 77804870 77206372 77804870 49 25
10 77804871 78403369 77804871 78403369 52 4
10 78403370 79001868 78403370 79001868 61 4
10 79001869 79600367 79001869 79600367 45 21
10 79600368 80198866 79600368 80198866 51 18
10 80198867 80797365 80198867 80797365 45 302
10 80797366 81395864 80797366 81395864 10 2
10 81395865 81994363 81395865 81994363 25 12
10 81994364 82592862 81994364 82592862 51 18
10 82592863 83191361 82592863 83191361 42 15
10 83191362 83789860 83191362 83789860 51 10
10 83789861 84388359 83789861 84388359 44 13
10 84388360 84986858 84388360 84986858 52 8
10 84986859 85585357 84986859 85585357 46 6
10 85585358 86183856 85585358 86183856 65 4
10 86183857 86782355 86183857 86782355 51 14
10 86782356 87380854 86782356 87380854 49 8
10 87380855 87979353 87380855 87979353 54 13
10 87979354 88577852 87979354 88577852 43 8
10 88577853 89176351 88577853 89176351 9 7
10 89176352 89774850 89176352 89774850 29 5
10 89774851 90373349 89774851 90373349 46 447
10 90373350 90971848 90373350 90971848 71 17
10 90971849 91570347 90971849 91570347 44 7
10 91570348 92168846 91570348 92168846 47 7
10 92168847 92767345 92168847 92767345 45 1
10 92767346 93365844 92767346 93365844 39 17
10 93365845 93964343 93365845 93964343 28 7
10 93964344 94562842 93964344 94562842 28 34
10 94562843 95161341 94562843 95161341 51 8
10 95161342 95759840 95161342 95759840 48 8
10 95759841 96358339 95759841 96358339 48 1
10 96358340 96956838 96358340 96956838 44 7
10 96956839 97555337 96956839 97555337 53 18
10 97555338 98153836 97555338 98153836 41 11
10 98153837 98752335 98153837 98752335 37 8
10 98752336 99350834 98752336 99350834 41 16
10 99350835 99949333 99350835 99949333 33 7
10 99949334 100547832 99949334 100547832 46 10
10 100547833 101146331 100547833 101146331 30 4
10 101146332 101744830 101146332 101744830 60 232
10 101744831 102343329 101744831 102343329 38 7
10 102343330 102941828 102343330 102941828 42 13
10 102941829 103540327 102941829 103540327 33 5
10 103540328 104138826 103540328 104138826 20 2
10 104138827 104737325 104138827 104737325 40 61
10 104737326 105335824 104737326 105335824 30 63
10 105335825 105934323 105335825 105934323 47 4
10 105934324 106532822 105934324 106532822 36 11
10 106532823 107131321 106532823 107131321 42 8
10 107131322 107729820 107131322 107729820 46 3
10 107729821 108328319 107729821 108328319 45 4
10 108328320 108926818 108328320 108926818 48 44
10 108926819 109525317 108926819 109525317 42 9
10 109525318 110123816 109525318 110123816 40 6
10 110123817 110722315 110123817 110722315 45 7
10 110722316 111320814 110722316 111320814 27 5
10 111320815 111919313 111320815 111919313 28 3
10 111919314 112517812 111919314 112517812 44 9
10 112517813 113116311 112517813 113116311 40 15
10 113116312 113714810 113116312 113714810 54 8
10 113714811 114313309 113714811 114313309 39 7
10 114313310 114911808 114313310 114911808 38 7
10 114911809 115510307 114911809 115510307 67 15
10 115510308 116108806 115510308 116108806 32 7
10 116108807 116707305 116108807 116707305 45 6
10 116707306 117305804 116707306 117305804 19 1
10 117305805 117904303 117305805 117904303 36 11
10 117904304 118502802 117904304 118502802 52 12
10 118502803 119101301 118502803 119101301 27 3
10 119101302 119699800 119101302 119699800 50 10
10 119699801 120298299 119699801 120298299 43 12
10 120298300 120896798 120298300 120896798 42 7
10 120896799 121495297 120896799 121495297 49 8
10 121495298 122093796 121495298 122093796 46 7
10 122093797 122692295 122093797 122692295 49 5
10 122692296 123290794 122692296 123290794 42 13
10 123290795 123889293 123290795 123889293 45 14
10 123889294 124487792 123889294 124487792 48 28
10 124487793 125086291 124487793 125086291 52 9
10 125086292 125684790 125086292 125684790 52 14
10 125684791 126283289 125684791 126283289 41 14
10 126283290 126881788 126283290 126881788 38 7
10 126881789 127480287 126881789 127480287 52 6
10 127480288 128078786 127480288 128078786 70 9
10 128078787 128677285 128078787 128677285 49 7
10 128677286 129275784 128677286 129275784 68 11
10 129275785 129874283 129275785 129874283 59 13
10 129874284 130472782 129874284 130472782 40 15
10 130472783 131071281 130472783 131071281 54 10
10 131071282 131669780 131071282 131669780 42 6
10 131669781 132268279 131669781 132268279 60 7
10 132268280 132866778 132268280 132866778 49 18
10 132866779 133465277 132866779 133465277 52 11
10 133465278 134063776 133465278 134063776 39 18
10 134063777 135281028 134063777 135281028 58 24
