1 1 6e+05 1 6e+05 0 0
1 600001 1200000 600001 1200000 4 11
1 1200001 1800000 1200001 1800000 13 18
1 1800001 2400000 1800001 2400000 32 26
1 2400001 3e+06 2400001 3e+06 20 498
1 3000001 3600000 3000001 3600000 20 17
1 3600001 4200000 3600001 4200000 39 13
1 4200001 4800000 4200001 4800000 109 18
1 4800001 5400000 4800001 5400000 78 7
1 5400001 6e+06 5400001 6e+06 65 5
1 6000001 6600000 6000001 6600000 37 17
1 6600001 7200000 6600001 7200000 64 3
1 7200001 7800000 7200001 7800000 67 346
1 7800001 8400000 7800001 8400000 41 663
1 8400001 9e+06 8400001 9e+06 37 10
1 9000001 9600000 9000001 9600000 44 16
1 9600001 10200000 9600001 10200000 30 7
1 10200001 10800000 10200001 10800000 53 12
1 10800001 11400000 10800001 11400000 30 6
1 11400001 1.2e+07 11400001 1.2e+07 56 49
1 12000001 12600000 12000001 12600000 20 11
1 12600001 13200000 12600001 13200000 9 3
1 13200001 13800000 13200001 13800000 11 0
1 13800001 14400000 13800001 14400000 95 26
1 14400001 1.5e+07 14400001 1.5e+07 46 6
1 15000001 15600000 15000001 15600000 67 7
1 15600001 16200000 15600001 16200000 62 12
1 16200001 16800000 16200001 16800000 45 9
1 16800001 17400000 16800001 17400000 37 6
1 17400001 1.8e+07 17400001 1.8e+07 54 290
1 18000001 18600000 18000001 18600000 79 7
1 18600001 19200000 18600001 19200000 47 11
1 19200001 19800000 19200001 19800000 61 21
1 19800001 20400000 19800001 20400000 55 300
1 20400001 2.1e+07 20400001 2.1e+07 81 27
1 21000001 21600000 21000001 21600000 36 5
1 21600001 22200000 21600001 22200000 52 21
1 22200001 22800000 22200001 22800000 64 203
1 22800001 23400000 22800001 23400000 43 13
1 23400001 2.4e+07 23400001 2.4e+07 38 5
1 24000001 24600000 24000001 24600000 34 9
1 24600001 25200000 24600001 25200000 47 168
1 25200001 25800000 25200001 25800000 30 4
1 25800001 26400000 25800001 26400000 58 7
1 26400001 2.7e+07 26400001 2.7e+07 45 9
1 27000001 27600000 27000001 27600000 22 9
1 27600001 28200000 27600001 28200000 23 1
1 28200001 28800000 28200001 28800000 37 1
1 28800001 29400000 28800001 29400000 55 1
1 29400001 3e+07 29400001 3e+07 46 14
1 30000001 30600000 30000001 30600000 90 26
1 30600001 31200000 30600001 31200000 65 7
1 31200001 31800000 31200001 31800000 50 2
1 31800001 32400000 31800001 32400000 25 8
1 32400001 3.3e+07 32400001 3.3e+07 14 3
1 33000001 33600000 33000001 33600000 47 7
1 33600001 34200000 33600001 34200000 77 2
1 34200001 34800000 34200001 34800000 71 7
1 34800001 35400000 34800001 35400000 33 20
1 35400001 3.6e+07 35400001 3.6e+07 29 12
1 36000001 36600000 36000001 36600000 23 7
1 36600001 37200000 36600001 37200000 41 5
1 37200001 37800000 37200001 37800000 51 5
1 37800001 38400000 37800001 38400000 51 42
1 38400001 3.9e+07 38400001 3.9e+07 67 7
1 39000001 39600000 39000001 39600000 58 4
1 39600001 40200000 39600001 40200000 58 8
1 40200001 40800000 40200001 40800000 57 6
1 40800001 41400000 40800001 41400000 50 5
1 41400001 4.2e+07 41400001 4.2e+07 51 10
1 42000001 42600000 42000001 42600000 54 3
1 42600001 43200000 42600001 43200000 45 8
1 43200001 43800000 43200001 43800000 63 6
1 43800001 44400000 43800001 44400000 46 13
1 44400001 4.5e+07 44400001 4.5e+07 39 2
1 45000001 45600000 45000001 45600000 34 5
1 45600001 46200000 45600001 46200000 41 3
1 46200001 46800000 46200001 46800000 50 10
1 46800001 47400000 46800001 47400000 48 3
1 47400001 4.8e+07 47400001 4.8e+07 61 8
1 48000001 48600000 48000001 48600000 66 6
1 48600001 49200000 48600001 49200000 74 4
1 49200001 49800000 49200001 49800000 28 3
1 49800001 50400000 49800001 50400000 20 1
1 50400001 5.1e+07 50400001 5.1e+07 32 5
1 51000001 51600000 51000001 51600000 22 16
1 51600001 52200000 51600001 52200000 23 6
1 52200001 52800000 52200001 52800000 23 4
1 52800001 53400000 52800001 53400000 61 7
1 53400001 5.4e+07 53400001 5.4e+07 61 26
1 54000001 54600000 54000001 54600000 47 3
1 54600001 55200000 54600001 55200000 61 22
1 55200001 55800000 55200001 55800000 69 89
1 55800001 56400000 55800001 56400000 73 4
1 56400001 5.7e+07 56400001 5.7e+07 93 13
1 57000001 57600000 57000001 57600000 89 15
1 57600001 58200000 57600001 58200000 74 4
1 58200001 58800000 58200001 58800000 82 11
1 58800001 59400000 58800001 59400000 62 18
1 59400001 6e+07 59400001 6e+07 42 3
1 60000001 60600000 60000001 60600000 61 8
1 60600001 61200000 60600001 61200000 65 15
1 61200001 61800000 61200001 61800000 45 4
1 61800001 62400000 61800001 62400000 66 12
1 62400001 6.3e+07 62400001 6.3e+07 58 18
1 63000001 63600000 63000001 63600000 80 18
1 63600001 64200000 63600001 64200000 65 8
1 64200001 64800000 64200001 64800000 60 8
1 64800001 65400000 64800001 65400000 56 17
1 65400001 6.6e+07 65400001 6.6e+07 75 18
1 66000001 66600000 66000001 66600000 63 8
1 66600001 67200000 66600001 67200000 92 7
1 67200001 67800000 67200001 67800000 56 824
1 67800001 68400000 67800001 68400000 71 14
1 68400001 6.9e+07 68400001 6.9e+07 48 11
1 69000001 69600000 69000001 69600000 27 3
1 69600001 70200000 69600001 70200000 52 10
1 70200001 70800000 70200001 70800000 59 10
1 70800001 71400000 70800001 71400000 63 6
1 71400001 7.2e+07 71400001 7.2e+07 40 10
1 72000001 72600000 72000001 72600000 34 5
1 72600001 73200000 72600001 73200000 39 0
1 73200001 73800000 73200001 73800000 39 4
1 73800001 74400000 73800001 74400000 40 2
1 74400001 7.5e+07 74400001 7.5e+07 50 3
1 75000001 75600000 75000001 75600000 46 9
1 75600001 76200000 75600001 76200000 58 10
1 76200001 76800000 76200001 76800000 78 10
1 76800001 77400000 76800001 77400000 57 10
1 77400001 7.8e+07 77400001 7.8e+07 65 19
1 78000001 78600000 78000001 78600000 46 6
1 78600001 79200000 78600001 79200000 42 5
1 79200001 79800000 79200001 79800000 53 7
1 79800001 80400000 79800001 80400000 57 2
1 80400001 8.1e+07 80400001 8.1e+07 65 9
1 81000001 81600000 81000001 81600000 62 9
1 81600001 82200000 81600001 82200000 49 11
1 82200001 82800000 82200001 82800000 50 6
1 82800001 83400000 82800001 83400000 63 10
1 83400001 8.4e+07 83400001 8.4e+07 44 7
1 84000001 84600000 84000001 84600000 59 5
1 84600001 85200000 84600001 85200000 73 6
1 85200001 85800000 85200001 85800000 72 69
1 85800001 86400000 85800001 86400000 69 6
1 86400001 8.7e+07 86400001 8.7e+07 61 7
1 87000001 87600000 87000001 87600000 56 13
1 87600001 88200000 87600001 88200000 64 9
1 88200001 88800000 88200001 88800000 58 8
1 88800001 89400000 88800001 89400000 49 16
1 89400001 9e+07 89400001 9e+07 60 6
1 90000001 90600000 90000001 90600000 45 14
1 90600001 91200000 90600001 91200000 57 7
1 91200001 91800000 91200001 91800000 43 7
1 91800001 92400000 91800001 92400000 80 510
1 92400001 9.3e+07 92400001 9.3e+07 33 873
1 93000001 93600000 93000001 93600000 46 460
1 93600001 94200000 93600001 94200000 38 10
1 94200001 94800000 94200001 94800000 50 5
1 94800001 95400000 94800001 95400000 81 5
1 95400001 9.6e+07 95400001 9.6e+07 65 5
1 96000001 96600000 96000001 96600000 66 9
1 96600001 97200000 96600001 97200000 45 15
1 97200001 97800000 97200001 97800000 69 8
1 97800001 98400000 97800001 98400000 35 40
1 98400001 9.9e+07 98400001 9.9e+07 41 5
1 99000001 99600000 99000001 99600000 72 7
1 99600001 100200000 99600001 100200000 68 12
1 100200001 100800000 100200001 100800000 41 5
1 100800001 101400000 100800001 101400000 49 757
1 101400001 1.02e+08 101400001 1.02e+08 82 173
1 102000001 102600000 102000001 102600000 47 10
1 102600001 103200000 102600001 103200000 45 6
1 103200001 103800000 103200001 103800000 23 3
1 103800001 104400000 103800001 104400000 14 8
1 104400001 1.05e+08 104400001 1.05e+08 50 6
1 105000001 105600000 105000001 105600000 39 1
1 105600001 106200000 105600001 106200000 40 2
1 106200001 106800000 106200001 106800000 32 2
1 106800001 107400000 106800001 107400000 49 5
1 107400001 1.08e+08 107400001 1.08e+08 65 8
1 108000001 108600000 108000001 108600000 59 19
1 108600001 109200000 108600001 109200000 28 6
1 109200001 109800000 109200001 109800000 49 9
1 109800001 110400000 109800001 110400000 45 11
1 110400001 1.11e+08 110400001 1.11e+08 87 8
1 111000001 111600000 111000001 111600000 69 7
1 111600001 112200000 111600001 112200000 86 11
1 112200001 112800000 112200001 112800000 66 10
1 112800001 113400000 112800001 113400000 33 10
1 113400001 1.14e+08 113400001 1.14e+08 59 528
1 114000001 114600000 114000001 114600000 80 479
1 114600001 115200000 114600001 115200000 30 8
1 115200001 115800000 115200001 115800000 89 4
1 115800001 116400000 115800001 116400000 84 4
1 116400001 1.17e+08 116400001 1.17e+08 32 160
1 117000001 117600000 117000001 117600000 44 306
1 117600001 118200000 117600001 118200000 65 5
1 118200001 118800000 118200001 118800000 57 3
1 118800001 119400000 118800001 119400000 62 10
1 119400001 1.2e+08 119400001 1.2e+08 46 6
1 120000001 120600000 120000001 120600000 33 9
1 120600001 121200000 120600001 121200000 4 2
1 121200001 121800000 121200001 121800000 0 0
1 121800001 122400000 121800001 122400000 0 0
1 122400001 1.23e+08 122400001 1.23e+08 0 0
1 123000001 123600000 123000001 123600000 0 0
1 123600001 124200000 123600001 124200000 0 0
1 124200001 124800000 124200001 124800000 0 0
1 124800001 125400000 124800001 125400000 0 0
1 125400001 1.26e+08 125400001 1.26e+08 0 0
1 126000001 126600000 126000001 126600000 0 0
1 126600001 127200000 126600001 127200000 0 0
1 127200001 127800000 127200001 127800000 0 0
1 127800001 128400000 127800001 128400000 0 0
1 128400001 1.29e+08 128400001 1.29e+08 0 0
1 129000001 129600000 129000001 129600000 0 0
1 129600001 130200000 129600001 130200000 0 0
1 130200001 130800000 130200001 130800000 0 0
1 130800001 131400000 130800001 131400000 0 0
1 131400001 1.32e+08 131400001 1.32e+08 0 0
1 132000001 132600000 132000001 132600000 0 0
1 132600001 133200000 132600001 133200000 0 0
1 133200001 133800000 133200001 133800000 0 0
1 133800001 134400000 133800001 134400000 0 0
1 134400001 1.35e+08 134400001 1.35e+08 0 0
1 135000001 135600000 135000001 135600000 0 0
1 135600001 136200000 135600001 136200000 0 0
1 136200001 136800000 136200001 136800000 0 0
1 136800001 137400000 136800001 137400000 0 0
1 137400001 1.38e+08 137400001 1.38e+08 0 0
1 138000001 138600000 138000001 138600000 0 0
1 138600001 139200000 138600001 139200000 0 0
1 139200001 139800000 139200001 139800000 0 0
1 139800001 140400000 139800001 140400000 0 0
1 140400001 1.41e+08 140400001 1.41e+08 0 0
1 141000001 141600000 141000001 141600000 0 0
1 141600001 142200000 141600001 142200000 0 0
1 142200001 142800000 142200001 142800000 0 0
1 142800001 143400000 142800001 143400000 0 0
1 143400001 1.44e+08 143400001 1.44e+08 0 1
1 144000001 144600000 144000001 144600000 18 4
1 144600001 145200000 144600001 145200000 36 0
1 145200001 145800000 145200001 145800000 71 3
1 145800001 146400000 145800001 146400000 11 1
1 146400001 1.47e+08 146400001 1.47e+08 0 0
1 147000001 147600000 147000001 147600000 0 0
1 147600001 148200000 147600001 148200000 2 3
1 148200001 148800000 148200001 148800000 33 3
1 148800001 149400000 148800001 149400000 43 7
1 149400001 1.5e+08 149400001 1.5e+08 48 9
1 150000001 150600000 150000001 150600000 38 16
1 150600001 151200000 150600001 151200000 60 538
1 151200001 151800000 151200001 151800000 87 11
1 151800001 152400000 151800001 152400000 45 6
1 152400001 1.53e+08 152400001 1.53e+08 51 48
1 153000001 153600000 153000001 153600000 37 373
1 153600001 154200000 153600001 154200000 17 494
1 154200001 154800000 154200001 154800000 31 114
1 154800001 155400000 154800001 155400000 52 11
1 155400001 1.56e+08 155400001 1.56e+08 72 11
1 156000001 156600000 156000001 156600000 47 34
1 156600001 157200000 156600001 157200000 81 32
1 157200001 157800000 157200001 157800000 58 9
1 157800001 158400000 157800001 158400000 69 24
1 158400001 1.59e+08 158400001 1.59e+08 49 109
1 159000001 159600000 159000001 159600000 66 630
1 159600001 160200000 159600001 160200000 48 521
1 160200001 160800000 160200001 160800000 69 19
1 160800001 161400000 160800001 161400000 96 31
1 161400001 1.62e+08 161400001 1.62e+08 68 23
1 162000001 162600000 162000001 162600000 59 6
1 162600001 163200000 162600001 163200000 63 8
1 163200001 163800000 163200001 163800000 92 21
1 163800001 164400000 163800001 164400000 65 7
1 164400001 1.65e+08 164400001 1.65e+08 77 8
1 165000001 165600000 165000001 165600000 72 13
1 165600001 166200000 165600001 166200000 74 13
1 166200001 166800000 166200001 166800000 47 9
1 166800001 167400000 166800001 167400000 93 18
1 167400001 1.68e+08 167400001 1.68e+08 78 131
1 168000001 168600000 168000001 168600000 73 13
1 168600001 169200000 168600001 169200000 54 6
1 169200001 169800000 169200001 169800000 83 17
1 169800001 170400000 169800001 170400000 62 3
1 170400001 1.71e+08 170400001 1.71e+08 62 175
1 171000001 171600000 171000001 171600000 43 778
1 171600001 172200000 171600001 172200000 34 206
1 172200001 172800000 172200001 172800000 39 2
1 172800001 173400000 172800001 173400000 75 6
1 173400001 1.74e+08 173400001 1.74e+08 85 11
1 174000001 174600000 174000001 174600000 35 5
1 174600001 175200000 174600001 175200000 52 5
1 175200001 175800000 175200001 175800000 60 5
1 175800001 176400000 175800001 176400000 80 7
1 176400001 1.77e+08 176400001 1.77e+08 45 3
1 177000001 177600000 177000001 177600000 51 6
1 177600001 178200000 177600001 178200000 68 6
1 178200001 178800000 178200001 178800000 60 23
1 178800001 179400000 178800001 179400000 58 9
1 179400001 1.8e+08 179400001 1.8e+08 85 6
1 180000001 180600000 180000001 180600000 63 8
1 180600001 181200000 180600001 181200000 47 13
1 181200001 181800000 181200001 181800000 64 537
1 181800001 182400000 181800001 182400000 57 131
1 182400001 1.83e+08 182400001 1.83e+08 59 4
1 183000001 183600000 183000001 183600000 64 5
1 183600001 184200000 183600001 184200000 38 9
1 184200001 184800000 184200001 184800000 47 6
1 184800001 185400000 184800001 185400000 43 14
1 185400001 1.86e+08 185400001 1.86e+08 60 1
1 186000001 186600000 186000001 186600000 46 3
1 186600001 187200000 186600001 187200000 32 6
1 187200001 187800000 187200001 187800000 31 0
1 187800001 188400000 187800001 188400000 67 4
1 188400001 1.89e+08 188400001 1.89e+08 44 0
1 189000001 189600000 189000001 189600000 43 1
1 189600001 190200000 189600001 190200000 39 4
1 190200001 190800000 190200001 190800000 32 677
1 190800001 191400000 190800001 191400000 50 192
1 191400001 1.92e+08 191400001 1.92e+08 38 1
1 192000001 192600000 192000001 192600000 49 8
1 192600001 193200000 192600001 193200000 50 5
1 193200001 193800000 193200001 193800000 51 13
1 193800001 194400000 193800001 194400000 54 2
1 194400001 1.95e+08 194400001 1.95e+08 36 6
1 195000001 195600000 195000001 195600000 31 47
1 195600001 196200000 195600001 196200000 41 1064
1 196200001 196800000 196200001 196800000 54 127
1 196800001 197400000 196800001 197400000 44 661
1 197400001 1.98e+08 197400001 1.98e+08 56 3
1 198000001 198600000 198000001 198600000 61 8
1 198600001 199200000 198600001 199200000 53 172
1 199200001 199800000 199200001 199800000 110 259
1 199800001 200400000 199800001 200400000 52 7
1 200400001 2.01e+08 200400001 2.01e+08 41 6
1 201000001 201600000 201000001 201600000 67 20
1 201600001 202200000 201600001 202200000 36 6
1 202200001 202800000 202200001 202800000 72 15
1 202800001 203400000 202800001 203400000 95 3
1 203400001 2.04e+08 203400001 2.04e+08 64 16
1 204000001 204600000 204000001 204600000 26 14
1 204600001 205200000 204600001 205200000 61 706
1 205200001 205800000 205200001 205800000 38 107
1 205800001 206400000 205800001 206400000 61 81
1 206400001 2.07e+08 206400001 2.07e+08 65 9
1 207000001 207600000 207000001 207600000 68 2
1 207600001 208200000 207600001 208200000 89 9
1 208200001 208800000 208200001 208800000 60 11
1 208800001 209400000 208800001 209400000 64 15
1 209400001 2.1e+08 209400001 2.1e+08 51 4
1 210000001 210600000 210000001 210600000 49 3
1 210600001 211200000 210600001 211200000 76 12
1 211200001 211800000 211200001 211800000 42 3
1 211800001 212400000 211800001 212400000 51 11
1 212400001 2.13e+08 212400001 2.13e+08 82 18
1 213000001 213600000 213000001 213600000 58 13
1 213600001 214200000 213600001 214200000 58 16
1 214200001 214800000 214200001 214800000 57 1
1 214800001 215400000 214800001 215400000 117 7
1 215400001 2.16e+08 215400001 2.16e+08 57 6
1 216000001 216600000 216000001 216600000 74 17
1 216600001 217200000 216600001 217200000 53 4
1 217200001 217800000 217200001 217800000 59 11
1 217800001 218400000 217800001 218400000 56 1
1 218400001 2.19e+08 218400001 2.19e+08 42 7
1 219000001 219600000 219000001 219600000 67 9
1 219600001 220200000 219600001 220200000 69 4
1 220200001 220800000 220200001 220800000 30 0
1 220800001 221400000 220800001 221400000 12 13
1 221400001 2.22e+08 221400001 2.22e+08 60 7
1 222000001 222600000 222000001 222600000 32 1
1 222600001 223200000 222600001 223200000 63 5
1 223200001 223800000 223200001 223800000 58 15
1 223800001 224400000 223800001 224400000 46 21
1 224400001 2.25e+08 224400001 2.25e+08 63 15
1 225000001 225600000 225000001 225600000 65 7
1 225600001 226200000 225600001 226200000 62 6
1 226200001 226800000 226200001 226800000 42 6
1 226800001 227400000 226800001 227400000 66 3
1 227400001 2.28e+08 227400001 2.28e+08 63 6
1 228000001 228600000 228000001 228600000 68 7
1 228600001 229200000 228600001 229200000 83 11
1 229200001 229800000 229200001 229800000 52 9
1 229800001 230400000 229800001 230400000 71 20
1 230400001 2.31e+08 230400001 2.31e+08 68 7
1 231000001 231600000 231000001 231600000 71 14
1 231600001 232200000 231600001 232200000 67 6
1 232200001 232800000 232200001 232800000 65 5
1 232800001 233400000 232800001 233400000 36 9
1 233400001 2.34e+08 233400001 2.34e+08 54 11
1 234000001 234600000 234000001 234600000 63 11
1 234600001 235200000 234600001 235200000 87 26
1 235200001 235800000 235200001 235800000 72 6
1 235800001 236400000 235800001 236400000 54 11
1 236400001 2.37e+08 236400001 2.37e+08 70 12
1 237000001 237600000 237000001 237600000 59 16
1 237600001 238200000 237600001 238200000 70 8
1 238200001 238800000 238200001 238800000 88 20
1 238800001 239400000 238800001 239400000 59 12
1 239400001 2.4e+08 239400001 2.4e+08 74 9
1 240000001 240600000 240000001 240600000 60 5
1 240600001 241200000 240600001 241200000 73 461
1 241200001 241800000 241200001 241800000 30 21
1 241800001 242400000 241800001 242400000 63 12
1 242400001 2.43e+08 242400001 2.43e+08 56 11
1 243000001 243600000 243000001 243600000 33 3
1 243600001 244200000 243600001 244200000 72 18
1 244200001 244800000 244200001 244800000 55 5
1 244800001 245400000 244800001 245400000 62 3
1 245400001 247177330 245400001 247177330 90 28
