11 1 598826 1 598826 7 444
11 598827 1197652 598827 1197652 15 279
11 1197653 1796478 1197653 1796478 27 7
11 1796479 2395304 1796479 2395304 24 344
11 2395305 2994130 2395305 2994130 23 12
11 2994131 3592956 2994131 3592956 17 6
11 3592957 4191782 3592957 4191782 34 9
11 4191783 4790608 4191783 4790608 48 18
11 4790609 5389434 4790609 5389434 52 19
11 5389435 5988260 5389435 5988260 61 27
11 5988261 6587086 5988261 6587086 26 10
11 6587087 7185912 6587087 7185912 46 15
11 7185913 7784738 7185913 7784738 52 9
11 7784739 8383564 7784739 8383564 54 12
11 8383565 8982390 8383565 8982390 32 9
11 8982391 9581216 8982391 9581216 29 3
11 9581217 10180042 9581217 10180042 35 3
11 10180043 10778868 10180043 10778868 45 16
11 10778869 11377694 10778869 11377694 66 11
11 11377695 11976520 11377695 11976520 50 14
11 11976521 12575346 11976521 12575346 51 12
11 12575347 13174172 12575347 13174172 54 11
11 13174173 13772998 13174173 13772998 40 9
11 13772999 14371824 13772999 14371824 48 17
11 14371825 14970650 14371825 14970650 16 146
11 14970651 15569476 14970651 15569476 42 66
11 15569477 16168302 15569477 16168302 38 5
11 16168303 16767128 16168303 16767128 19 12
11 16767129 17365954 16767129 17365954 28 17
11 17365955 17964780 17365955 17964780 51 34
11 17964781 18563606 17964781 18563606 28 11
11 18563607 19162432 18563607 19162432 21 10
11 19162433 19761258 19162433 19761258 38 22
11 19761259 20360084 19761259 20360084 40 15
11 20360085 20958910 20360085 20958910 53 5
11 20958911 21557736 20958911 21557736 51 11
11 21557737 22156562 21557737 22156562 41 5
11 22156563 22755388 22156563 22755388 29 8
11 22755389 23354214 22755389 23354214 39 81
11 23354215 23953040 23354215 23953040 39 13
11 23953041 24551866 23953041 24551866 26 4
11 24551867 25150692 24551867 25150692 30 11
11 25150693 25749518 25150693 25749518 20 7
11 25749519 26348344 25749519 26348344 35 10
11 26348345 26947170 26348345 26947170 46 20
11 26947171 27545996 26947171 27545996 35 9
11 27545997 28144822 27545997 28144822 29 3
11 28144823 28743648 28144823 28743648 20 2
11 28743649 29342474 28743649 29342474 24 15
11 29342475 29941300 29342475 29941300 34 5
11 29941301 30540126 29941301 30540126 27 16
11 30540127 31138952 30540127 31138952 28 5
11 31138953 31737778 31138953 31737778 15 0
11 31737779 32336604 31737779 32336604 37 8
11 32336605 32935430 32336605 32935430 30 6
11 32935431 33534256 32935431 33534256 21 3
11 33534257 34133082 33534257 34133082 34 10
11 34133083 34731908 34133083 34731908 50 8
11 34731909 35330734 34731909 35330734 65 365
11 35330735 35929560 35330735 35929560 35 9
11 35929561 36528386 35929561 36528386 42 40
11 36528387 37127212 36528387 37127212 32 14
11 37127213 37726038 37127213 37726038 19 6
11 37726039 38324864 37726039 38324864 17 5
11 38324865 38923690 38324865 38923690 18 8
11 38923691 39522516 38923691 39522516 16 1
11 39522517 40121342 39522517 40121342 29 4
11 40121343 40720168 40121343 40720168 33 3
11 40720169 41318994 40720169 41318994 34 13
11 41318995 41917820 41318995 41917820 32 7
11 41917821 42516646 41917821 42516646 32 4
11 42516647 43115472 42516647 43115472 38 16
11 43115473 43714298 43115473 43714298 40 15
11 43714299 44313124 43714299 44313124 36 10
11 44313125 44911950 44313125 44911950 35 12
11 44911951 45510776 44911951 45510776 44 8
11 45510777 46109602 45510777 46109602 30 2
11 46109603 46708428 46109603 46708428 19 29
11 46708429 47307254 46708429 47307254 27 24
11 47307255 47906080 47307255 47906080 20 7
11 47906081 48504906 47906081 48504906 20 4
11 48504907 49103732 48504907 49103732 8 1
11 49103733 49702558 49103733 49702558 14 4
11 49702559 50301384 49702559 50301384 13 1
11 50301385 50900210 50301385 50900210 5 0
11 50900211 51499036 50900211 51499036 9 0
11 51499037 52097862 51499037 52097862 0 0
11 52097863 52696688 52097863 52696688 0 0
11 52696689 53295514 52696689 53295514 0 0
11 53295515 53894340 53295515 53894340 0 0
11 53894341 54493166 53894341 54493166 0 0
11 54493167 55091992 54493167 55091992 24 1
11 55091993 55690818 55091993 55690818 17 9
11 55690819 56289644 55690819 56289644 33 4
11 56289645 56888470 56289645 56888470 34 6
11 56888471 57487296 56888471 57487296 21 19
11 57487297 58086122 57487297 58086122 39 7
11 58086123 58684948 58086123 58684948 25 6
11 58684949 59283774 58684949 59283774 23 11
11 59283775 59882600 59283775 59882600 38 3
11 59882601 60481426 59882601 60481426 35 14
11 60481427 61080252 60481427 61080252 18 320
11 61080253 61679078 61080253 61679078 26 18
11 61679079 62277904 61679079 62277904 23 11
11 62277905 62876730 62277905 62876730 22 11
11 62876731 63475556 62876731 63475556 8 5
11 63475557 64074382 63475557 64074382 26 17
11 64074383 64673208 64074383 64673208 25 7
11 64673209 65272034 64673209 65272034 26 11
11 65272035 65870860 65272035 65870860 28 7
11 65870861 66469686 65870861 66469686 18 8
11 66469687 67068512 66469687 67068512 11 5
11 67068513 67667338 67068513 67667338 9 6
11 67667339 68266164 67667339 68266164 23 14
11 68266165 68864990 68266165 68864990 30 12
11 68864991 69463816 68864991 69463816 21 22
11 69463817 70062642 69463817 70062642 25 5
11 70062643 70661468 70062643 70661468 34 48
11 70661469 71260294 70661469 71260294 32 357
11 71260295 71859120 71260295 71859120 14 7
11 71859121 72457946 71859121 72457946 18 11
11 72457947 73056772 72457947 73056772 14 17
11 73056773 73655598 73056773 73655598 28 2
11 73655599 74254424 73655599 74254424 32 11
11 74254425 74853250 74254425 74853250 36 8
11 74853251 75452076 74853251 75452076 30 9
11 75452077 76050902 75452077 76050902 33 473
11 76050903 76649728 76050903 76649728 19 8
11 76649729 77248554 76649729 77248554 17 3
11 77248555 77847380 77248555 77847380 24 6
11 77847381 78446206 77847381 78446206 37 12
11 78446207 79045032 78446207 79045032 57 22
11 79045033 79643858 79045033 79643858 28 8
11 79643859 80242684 79643859 80242684 30 9
11 80242685 80841510 80242685 80841510 48 22
11 80841511 81440336 80841511 81440336 48 9
11 81440337 82039162 81440337 82039162 37 15
11 82039163 82637988 82039163 82637988 32 8
11 82637989 83236814 82637989 83236814 23 10
11 83236815 83835640 83236815 83835640 34 12
11 83835641 84434466 83835641 84434466 34 23
11 84434467 85033292 84434467 85033292 13 1
11 85033293 85632118 85033293 85632118 39 19
11 85632119 86230944 85632119 86230944 43 10
11 86230945 86829770 86230945 86829770 40 9
11 86829771 87428596 86829771 87428596 29 6
11 87428597 88027422 87428597 88027422 41 14
11 88027423 88626248 88027423 88626248 32 8
11 88626249 89225074 88626249 89225074 12 7
11 89225075 89823900 89225075 89823900 18 1
11 89823901 90422726 89823901 90422726 31 1
11 90422727 91021552 90422727 91021552 27 5
11 91021553 91620378 91021553 91620378 30 9
11 91620379 92219204 91620379 92219204 29 4
11 92219205 92818030 92219205 92818030 28 7
11 92818031 93416856 92818031 93416856 28 8
11 93416857 94015682 93416857 94015682 34 8
11 94015683 94614508 94015683 94614508 41 8
11 94614509 95213334 94614509 95213334 36 15
11 95213335 95812160 95213335 95812160 44 19
11 95812161 96410986 95812161 96410986 37 5
11 96410987 97009812 96410987 97009812 29 11
11 97009813 97608638 97009813 97608638 33 14
11 97608639 98207464 97608639 98207464 22 8
11 98207465 98806290 98207465 98806290 38 8
11 98806291 99405116 98806291 99405116 43 11
11 99405117 100003942 99405117 100003942 31 10
11 100003943 100602768 100003943 100602768 53 9
11 100602769 101201594 100602769 101201594 36 5
11 101201595 101800420 101201595 101800420 16 4
11 101800421 102399246 101800421 102399246 44 14
11 102399247 102998072 102399247 102998072 31 17
11 102998073 103596898 102998073 103596898 52 10
11 103596899 104195724 103596899 104195724 29 10
11 104195725 104794550 104195725 104794550 35 11
11 104794551 105393376 104794551 105393376 23 5
11 105393377 105992202 105393377 105992202 27 5
11 105992203 106591028 105992203 106591028 31 11
11 106591029 107189854 106591029 107189854 40 9
11 107189855 107788680 107189855 107788680 26 3
11 107788681 108387506 107788681 108387506 26 7
11 108387507 108986332 108387507 108986332 27 7
11 108986333 109585158 108986333 109585158 15 7
11 109585159 110183984 109585159 110183984 34 3
11 110183985 110782810 110183985 110782810 41 25
11 110782811 111381636 110782811 111381636 25 12
11 111381637 111980462 111381637 111980462 28 7
11 111980463 112579288 111980463 112579288 44 7
11 112579289 113178114 112579289 113178114 39 13
11 113178115 113776940 113178115 113776940 44 29
11 113776941 114375766 113776941 114375766 47 575
11 114375767 114974592 114375767 114974592 45 72
11 114974593 115573418 114974593 115573418 49 17
11 115573419 116172244 115573419 116172244 43 40
11 116172245 116771070 116172245 116771070 26 16
11 116771071 117369896 116771071 117369896 54 23
11 117369897 117968722 117369897 117968722 43 259
11 117968723 118567548 117968723 118567548 25 521
11 118567549 119166374 118567549 119166374 25 11
11 119166375 119765200 119166375 119765200 40 10
11 119765201 120364026 119765201 120364026 27 8
11 120364027 120962852 120364027 120962852 35 9
11 120962853 121561678 120962853 121561678 35 1
11 121561679 122160504 121561679 122160504 20 8
11 122160505 122759330 122160505 122759330 36 7
11 122759331 123358156 122759331 123358156 63 11
11 123358157 123956982 123358157 123956982 50 10
11 123956983 124555808 123956983 124555808 36 40
11 124555809 125154634 124555809 125154634 34 42
11 125154635 125753460 125154635 125753460 49 19
11 125753461 126352286 125753461 126352286 43 18
11 126352287 126951112 126352287 126951112 37 8
11 126951113 127549938 126951113 127549938 28 21
11 127549939 128148764 127549939 128148764 54 612
11 128148765 128747590 128148765 128747590 46 7
11 128747591 129346416 128747591 129346416 26 9
11 129346417 129945242 129346417 129945242 17 8
11 129945243 130544068 129945243 130544068 40 23
11 130544069 131142894 130544069 131142894 35 6
11 131142895 131741720 131142895 131741720 50 7
11 131741721 132340546 131741721 132340546 53 9
11 132340547 132939372 132340547 132939372 46 19
11 132939373 134421943 132939373 134421943 94 22
