12 1 597747 1 597747 31 10
12 597748 1195494 597748 1195494 43 9
12 1195495 1793241 1195495 1793241 31 7
12 1793242 2390988 1793242 2390988 53 416
12 2390989 2988735 2390989 2988735 61 13
12 2988736 3586482 2988736 3586482 57 12
12 3586483 4184229 3586483 4184229 44 9
12 4184230 4781976 4184230 4781976 61 12
12 4781977 5379723 4781977 5379723 88 29
12 5379724 5977470 5379724 5977470 67 49
12 5977471 6575217 5977471 6575217 43 352
12 6575218 7172964 6575218 7172964 25 10
12 7172965 7770711 7172965 7770711 31 9
12 7770712 8368458 7770712 8368458 27 9
12 8368459 8966205 8368459 8966205 24 8
12 8966206 9563952 8966206 9563952 38 26
12 9563953 10161699 9563953 10161699 54 910
12 10161700 10759446 10161700 10759446 49 9
12 10759447 11357193 10759447 11357193 35 9
12 11357194 11954940 11357194 11954940 48 14
12 11954941 12552687 11954941 12552687 62 13
12 12552688 13150434 12552688 13150434 35 16
12 13150435 13748181 13150435 13748181 84 8
12 13748182 14345928 13748182 14345928 48 6
12 14345929 14943675 14345929 14943675 28 7
12 14943676 15541422 14943676 15541422 45 7
12 15541423 16139169 15541423 16139169 19 8
12 16139170 16736916 16139170 16736916 49 16
12 16736917 17334663 16736917 17334663 32 3
12 17334664 17932410 17334664 17932410 52 6
12 17932411 18530157 17932411 18530157 49 11
12 18530158 19127904 18530158 19127904 57 2
12 19127905 19725651 19127905 19725651 45 9
12 19725652 20323398 19725652 20323398 45 11
12 20323399 20921145 20323399 20921145 52 5
12 20921146 21518892 20921146 21518892 69 15
12 21518893 22116639 21518893 22116639 27 7
12 22116640 22714386 22116640 22714386 45 2
12 22714387 23312133 22714387 23312133 46 3
12 23312134 23909880 23312134 23909880 32 1
12 23909881 24507627 23909881 24507627 77 10
12 24507628 25105374 24507628 25105374 53 14
12 25105375 25703121 25105375 25703121 66 13
12 25703122 26300868 25703122 26300868 54 9
12 26300869 26898615 26300869 26898615 56 14
12 26898616 27496362 26898616 27496362 51 8
12 27496363 28094109 27496363 28094109 57 7
12 28094110 28691856 28094110 28691856 47 2
12 28691857 29289603 28691857 29289603 62 14
12 29289604 29887350 29289604 29887350 49 13
12 29887351 30485097 29887351 30485097 72 6
12 30485098 31082844 30485098 31082844 62 4
12 31082845 31680591 31082845 31680591 36 2
12 31680592 32278338 31680592 32278338 56 8
12 32278339 32876085 32278339 32876085 55 7
12 32876086 33473832 32876086 33473832 59 10
12 33473833 34071579 33473833 34071579 26 2
12 34071580 34669326 34071580 34669326 7 1
12 34669327 35267073 34669327 35267073 4 0
12 35267074 35864820 35267074 35864820 0 0
12 35864821 36462567 35864821 36462567 1 1
12 36462568 37060314 36462568 37060314 21 8
12 37060315 37658061 37060315 37658061 36 1
12 37658062 38255808 37658062 38255808 36 4
12 38255809 38853555 38255809 38853555 49 795
12 38853556 39451302 38853556 39451302 65 1113
12 39451303 40049049 39451303 40049049 52 4
12 40049050 40646796 40049050 40646796 66 11
12 40646797 41244543 40646797 41244543 42 9
12 41244544 41842290 41244544 41842290 57 10
12 41842291 42440037 41842291 42440037 42 3
12 42440038 43037784 42440038 43037784 32 2
12 43037785 43635531 43037785 43635531 35 9
12 43635532 44233278 43635532 44233278 30 3
12 44233279 44831025 44233279 44831025 28 13
12 44831026 45428772 44831026 45428772 43 4
12 45428773 46026519 45428773 46026519 52 5
12 46026520 46624266 46026520 46624266 48 113
12 46624267 47222013 46624267 47222013 57 4
12 47222014 47819760 47222014 47819760 37 15
12 47819761 48417507 47819761 48417507 24 3
12 48417508 49015254 48417508 49015254 41 5
12 49015255 49613001 49015255 49613001 26 6
12 49613002 50210748 49613002 50210748 44 4
12 50210749 50808495 50210749 50808495 30 22
12 50808496 51406242 50808496 51406242 109 8
12 51406243 52003989 51406243 52003989 48 13
12 52003990 52601736 52003990 52601736 34 5
12 52601737 53199483 52601737 53199483 29 5
12 53199484 53797230 53199484 53797230 41 5
12 53797231 54394977 53797231 54394977 47 5
12 54394978 54992724 54394978 54992724 22 594
12 54992725 55590471 54992725 55590471 31 184
12 55590472 56188218 55590472 56188218 29 319
12 56188219 56785965 56188219 56785965 48 1105
12 56785966 57383712 56785966 57383712 42 14
12 57383713 57981459 57383713 57981459 54 37
12 57981460 58579206 57981460 58579206 47 4
12 58579207 59176953 58579207 59176953 35 3
12 59176954 59774700 59176954 59774700 29 3
12 59774701 60372447 59774701 60372447 46 6
12 60372448 60970194 60372448 60970194 49 10
12 60970195 61567941 60970195 61567941 52 8
12 61567942 62165688 61567942 62165688 50 2
12 62165689 62763435 62165689 62763435 15 4
12 62763436 63361182 62763436 63361182 36 4
12 63361183 63958929 63361183 63958929 17 6
12 63958930 64556676 63958930 64556676 45 6
12 64556677 65154423 64556677 65154423 42 12
12 65154424 65752170 65154424 65752170 75 7
12 65752171 66349917 65752171 66349917 60 5
12 66349918 66947664 66349918 66947664 69 234
12 66947665 67545411 66947665 67545411 52 5
12 67545412 68143158 67545412 68143158 57 8
12 68143159 68740905 68143159 68740905 62 27
12 68740906 69338652 68740906 69338652 54 4
12 69338653 69936399 69338653 69936399 61 6
12 69936400 70534146 69936400 70534146 41 8
12 70534147 71131893 70534147 71131893 41 3
12 71131894 71729640 71131894 71729640 41 0
12 71729641 72327387 71729641 72327387 38 10
12 72327388 72925134 72327388 72925134 26 4
12 72925135 73522881 72925135 73522881 32 3
12 73522882 74120628 73522882 74120628 42 7
12 74120629 74718375 74120629 74718375 57 8
12 74718376 75316122 74718376 75316122 15 6
12 75316123 75913869 75316123 75913869 40 1
12 75913870 76511616 75913870 76511616 74 25
12 76511617 77109363 76511617 77109363 64 9
12 77109364 77707110 77109364 77707110 31 11
12 77707111 78304857 77707111 78304857 41 9
12 78304858 78902604 78304858 78902604 18 3
12 78902605 79500351 78902605 79500351 45 2
12 79500352 80098098 79500352 80098098 59 6
12 80098099 80695845 80098099 80695845 44 6
12 80695846 81293592 80695846 81293592 46 6
12 81293593 81891339 81293593 81891339 34 3
12 81891340 82489086 81891340 82489086 39 4
12 82489087 83086833 82489087 83086833 41 17
12 83086834 83684580 83086834 83684580 54 5
12 83684581 84282327 83684581 84282327 35 5
12 84282328 84880074 84282328 84880074 27 2
12 84880075 85477821 84880075 85477821 22 0
12 85477822 86075568 85477822 86075568 36 1
12 86075569 86673315 86075569 86673315 35 5
12 86673316 87271062 86673316 87271062 30 1
12 87271063 87868809 87271063 87868809 25 4
12 87868810 88466556 87868810 88466556 37 10
12 88466557 89064303 88466557 89064303 37 7
12 89064304 89662050 89064304 89662050 50 2
12 89662051 90259797 89662051 90259797 40 0
12 90259798 90857544 90259798 90857544 49 6
12 90857545 91455291 90857545 91455291 53 14
12 91455292 92053038 91455292 92053038 42 6
12 92053039 92650785 92053039 92650785 30 7
12 92650786 93248532 92650786 93248532 66 8
12 93248533 93846279 93248533 93846279 60 13
12 93846280 94444026 93846280 94444026 68 8
12 94444027 95041773 94444027 95041773 67 15
12 95041774 95639520 95041774 95639520 47 4
12 95639521 96237267 95639521 96237267 81 27
12 96237268 96835014 96237268 96835014 62 8
12 96835015 97432761 96835015 97432761 49 8
12 97432762 98030508 97432762 98030508 46 4
12 98030509 98628255 98030509 98628255 34 6
12 98628256 99226002 98628256 99226002 37 11
12 99226003 99823749 99226003 99823749 37 9
12 99823750 100421496 99823750 100421496 55 9
12 100421497 101019243 100421497 101019243 54 2
12 101019244 101616990 101019244 101616990 37 6
12 101616991 102214737 101616991 102214737 44 5
12 102214738 102812484 102214738 102812484 77 19
12 102812485 103410231 102812485 103410231 66 12
12 103410232 104007978 103410232 104007978 96 12
12 104007979 104605725 104007979 104605725 67 11
12 104605726 105203472 104605726 105203472 79 15
12 105203473 105801219 105203473 105801219 57 19
12 105801220 106398966 105801220 106398966 62 10
12 106398967 106996713 106398967 106996713 60 9
12 106996714 107594460 106996714 107594460 60 8
12 107594461 108192207 107594461 108192207 45 5
12 108192208 108789954 108192208 108789954 49 21
12 108789955 109387701 108789955 109387701 29 7
12 109387702 109985448 109387702 109985448 29 11
12 109985449 110583195 109985449 110583195 20 423
12 110583196 111180942 110583196 111180942 22 574
12 111180943 111778689 111180943 111778689 22 316
12 111778690 112376436 111778690 112376436 34 10
12 112376437 112974183 112376437 112974183 58 6
12 112974184 113571930 112974184 113571930 74 13
12 113571931 114169677 113571931 114169677 62 23
12 114169678 114767424 114169678 114767424 104 18
12 114767425 115365171 114767425 115365171 43 14
12 115365172 115962918 115365172 115962918 35 6
12 115962919 116560665 115962919 116560665 71 14
12 116560666 117158412 116560666 117158412 39 11
12 117158413 117756159 117158413 117756159 48 7
12 117756160 118353906 117756160 118353906 56 8
12 118353907 118951653 118353907 118951653 43 7
12 118951654 119549400 118951654 119549400 39 3
12 119549401 120147147 119549401 120147147 64 20
12 120147148 120744894 120147148 120744894 36 9
12 120744895 121342641 120744895 121342641 29 4
12 121342642 121940388 121342642 121940388 32 30
12 121940389 122538135 121940389 122538135 18 638
12 122538136 123135882 122538136 123135882 38 12
12 123135883 123733629 123135883 123733629 47 5
12 123733630 124331376 123733630 124331376 34 5
12 124331377 124929123 124331377 124929123 58 2
12 124929124 125526870 124929124 125526870 75 15
12 125526871 126124617 125526871 126124617 64 7
12 126124618 126722364 126124618 126722364 48 4
12 126722365 127320111 126722365 127320111 52 8
12 127320112 127917858 127320112 127917858 34 243
12 127917859 128515605 127917859 128515605 66 19
12 128515606 129113352 128515606 129113352 56 4
12 129113353 129711099 129113353 129711099 58 17
12 129711100 130308846 129711100 130308846 50 12
12 130308847 130906593 130308847 130906593 42 11
12 130906594 132281048 130906594 132281048 62 32
