17 1 599577 1 599577 26 5
17 599578 1199154 599578 1199154 13 13
17 1199155 1798731 1199155 1798731 33 11
17 1798732 2398308 1798732 2398308 43 11
17 2398309 2997885 2398309 2997885 35 5
17 2997886 3597462 2997886 3597462 42 9
17 3597463 4197039 3597463 4197039 39 21
17 4197040 4796616 4197040 4796616 19 28
17 4796617 5396193 4796617 5396193 48 19
17 5396194 5995770 5396194 5995770 59 23
17 5995771 6595347 5995771 6595347 56 9
17 6595348 7194924 6595348 7194924 20 15
17 7194925 7794501 7194925 7794501 26 29
17 7794502 8394078 7794502 8394078 52 10
17 8394079 8993655 8394079 8993655 35 10
17 8993656 9593232 8993656 9593232 25 10
17 9593233 10192809 9593233 10192809 67 17
17 10192810 10792386 10192810 10792386 32 14
17 10792387 11391963 10792387 11391963 50 4
17 11391964 11991540 11391964 11991540 39 6
17 11991541 12591117 11991541 12591117 37 4
17 12591118 13190694 12591118 13190694 54 10
17 13190695 13790271 13190695 13790271 43 16
17 13790272 14389848 13790272 14389848 50 5
17 14389849 14989425 14389849 14989425 76 8
17 14989426 15589002 14989426 15589002 37 11
17 15589003 16188579 15589003 16188579 29 5
17 16188580 16788156 16188580 16788156 23 9
17 16788157 17387733 16788157 17387733 46 12
17 17387734 17987310 17387734 17987310 36 8
17 17987311 18586887 17987311 18586887 21 8
17 18586888 19186464 18586888 19186464 17 8
17 19186465 19786041 19186465 19786041 35 15
17 19786042 20385618 19786042 20385618 24 4
17 20385619 20985195 20385619 20985195 18 0
17 20985196 21584772 20985196 21584772 10 4
17 21584773 22184349 21584773 22184349 10 12
17 22184350 22783926 22184350 22783926 22 0
17 22783927 23383503 22783927 23383503 40 642
17 23383504 23983080 23383504 23983080 31 9
17 23983081 24582657 23983081 24582657 29 5
17 24582658 25182234 24582658 25182234 35 6
17 25182235 25781811 25182235 25781811 38 10
17 25781812 26381388 25781812 26381388 22 2
17 26381389 26980965 26381389 26980965 23 4
17 26980966 27580542 26980966 27580542 38 6
17 27580543 28180119 27580543 28180119 28 8
17 28180120 28779696 28180120 28779696 72 23
17 28779697 29379273 28779697 29379273 72 13
17 29379274 29978850 29379274 29978850 76 524
17 29978851 30578427 29978851 30578427 50 10
17 30578428 31178004 30578428 31178004 38 10
17 31178005 31777581 31178005 31777581 17 38
17 31777582 32377158 31777582 32377158 36 8
17 32377159 32976735 32377159 32976735 48 1
17 32976736 33576312 32976736 33576312 15 5
17 33576313 34175889 33576313 34175889 19 3
17 34175890 34775466 34175890 34775466 31 159
17 34775467 35375043 34775467 35375043 28 844
17 35375044 35974620 35375044 35974620 32 240
17 35974621 36574197 35974621 36574197 71 287
17 36574198 37173774 36574198 37173774 46 10
17 37173775 37773351 37173775 37773351 37 248
17 37773352 38372928 37773352 38372928 18 540
17 38372929 38972505 38372929 38972505 18 8
17 38972506 39572082 38972506 39572082 34 7
17 39572083 40171659 39572083 40171659 35 4
17 40171660 40771236 40171660 40771236 48 12
17 40771237 41370813 40771237 41370813 39 37
17 41370814 41970390 41370814 41970390 12 18
17 41970391 42569967 41970391 42569967 27 15
17 42569968 43169544 42569968 43169544 35 14
17 43169545 43769121 43169545 43769121 49 25
17 43769122 44368698 43769122 44368698 42 9
17 44368699 44968275 44368699 44968275 51 23
17 44968276 45567852 44968276 45567852 35 7
17 45567853 46167429 45567853 46167429 43 6
17 46167430 46767006 46167430 46767006 33 0
17 46767007 47366583 46767007 47366583 62 12
17 47366584 47966160 47366584 47966160 49 9
17 47966161 48565737 47966161 48565737 55 2
17 48565738 49165314 48565738 49165314 36 0
17 49165315 49764891 49165315 49764891 40 2
17 49764892 50364468 49764892 50364468 44 7
17 50364469 50964045 50364469 50964045 44 19
17 50964046 51563622 50964046 51563622 51 10
17 51563623 52163199 51563623 52163199 36 10
17 52163200 52762776 52163200 52762776 50 10
17 52762777 53362353 52762777 53362353 52 7
17 53362354 53961930 53362354 53961930 35 10
17 53961931 54561507 53961931 54561507 30 6
17 54561508 55161084 54561508 55161084 38 5
17 55161085 55760661 55161085 55760661 27 7
17 55760662 56360238 55760662 56360238 8 7
17 56360239 56959815 56360239 56959815 22 13
17 56959816 57559392 56959816 57559392 30 27
17 57559393 58158969 57559393 58158969 13 4
17 58158970 58758546 58158970 58758546 18 2
17 58758547 59358123 58758547 59358123 30 13
17 59358124 59957700 59358124 59957700 30 9
17 59957701 60557277 59957701 60557277 9 4
17 60557278 61156854 60557278 61156854 45 10
17 61156855 61756431 61156855 61756431 37 11
17 61756432 62356008 61756432 62356008 69 11
17 62356009 62955585 62356009 62955585 30 5
17 62955586 63555162 62955586 63555162 15 5
17 63555163 64154739 63555163 64154739 36 10
17 64154740 64754316 64154740 64754316 60 8
17 64754317 65353893 64754317 65353893 30 8
17 65353894 65953470 65353894 65953470 44 18
17 65953471 66553047 65953471 66553047 46 15
17 66553048 67152624 66553048 67152624 50 6
17 67152625 67752201 67152625 67752201 46 8
17 67752202 68351778 67752202 68351778 43 23
17 68351779 68951355 68351779 68951355 34 8
17 68951356 69550932 68951356 69550932 45 11
17 69550933 70150509 69550933 70150509 57 6
17 70150510 70750086 70150510 70750086 18 9
17 70750087 71349663 70750087 71349663 28 32
17 71349664 71949240 71349664 71949240 29 12
17 71949241 72548817 71949241 72548817 46 10
17 72548818 73148394 72548818 73148394 36 20
17 73148395 73747971 73148395 73747971 32 24
17 73747972 74347548 73747972 74347548 53 17
17 74347549 74947125 74347549 74947125 41 9
17 74947126 75546702 74947126 75546702 9 3
17 75546703 76146279 75546703 76146279 38 8
17 76146280 76745856 76146280 76745856 25 12
17 76745857 77345433 76745857 77345433 32 6
17 77345434 78598059 77345434 78598059 64 17
