18 1 595826 1 595826 28 28
18 595827 1191652 595827 1191652 25 2
18 1191653 1787478 1191653 1787478 23 9
18 1787479 2383304 1787479 2383304 27 11
18 2383305 2979130 2383305 2979130 11 10
18 2979131 3574956 2979131 3574956 13 7
18 3574957 4170782 3574957 4170782 19 8
18 4170783 4766608 4170783 4766608 15 11
18 4766609 5362434 4766609 5362434 20 10
18 5362435 5958260 5362435 5958260 24 8
18 5958261 6554086 5958261 6554086 10 10
18 6554087 7149912 6554087 7149912 19 7
18 7149913 7745738 7149913 7745738 22 12
18 7745739 8341564 7745739 8341564 24 17
18 8341565 8937390 8341565 8937390 33 27
18 8937391 9533216 8937391 9533216 12 5
18 9533217 10129042 9533217 10129042 19 17
18 10129043 10724868 10129043 10724868 29 13
18 10724869 11320694 10724869 11320694 32 1
18 11320695 11916520 11320695 11916520 22 4
18 11916521 12512346 11916521 12512346 20 2
18 12512347 13108172 12512347 13108172 16 542
18 13108173 13703998 13108173 13703998 18 15
18 13703999 14299824 13703999 14299824 18 3
18 14299825 14895650 14299825 14895650 1 0
18 14895651 15491476 14895651 15491476 9 0
18 15491477 16087302 15491477 16087302 0 0
18 16087303 16683128 16087303 16683128 0 0
18 16683129 17278954 16683129 17278954 8 1
18 17278955 17874780 17278955 17874780 11 1
18 17874781 18470606 17874781 18470606 19 96
18 18470607 19066432 18470607 19066432 8 65
18 19066433 19662258 19066433 19662258 18 6
18 19662259 20258084 19662259 20258084 16 11
18 20258085 20853910 20258085 20853910 32 13
18 20853911 21449736 20853911 21449736 18 7
18 21449737 22045562 21449737 22045562 20 11
18 22045563 22641388 22045563 22641388 23 11
18 22641389 23237214 22641389 23237214 25 5
18 23237215 23833040 23237215 23833040 21 13
18 23833041 24428866 23833041 24428866 22 8
18 24428867 25024692 24428867 25024692 25 3
18 25024693 25620518 25024693 25620518 16 2
18 25620519 26216344 25620519 26216344 19 6
18 26216345 26812170 26216345 26812170 24 25
18 26812171 27407996 26812171 27407996 28 17
18 27407997 28003822 27407997 28003822 16 10
18 28003823 28599648 28003823 28599648 16 13
18 28599649 29195474 28599649 29195474 12 5
18 29195475 29791300 29195475 29791300 19 8
18 29791301 30387126 29791301 30387126 11 4
18 30387127 30982952 30387127 30982952 19 9
18 30982953 31578778 30982953 31578778 18 8
18 31578779 32174604 31578779 32174604 14 12
18 32174605 32770430 32174605 32770430 26 4
18 32770431 33366256 32770431 33366256 23 3
18 33366257 33962082 33366257 33962082 29 1
18 33962083 34557908 33962083 34557908 24 7
18 34557909 35153734 34557909 35153734 16 2
18 35153735 35749560 35153735 35749560 21 1
18 35749561 36345386 35749561 36345386 30 27
18 36345387 36941212 36345387 36941212 30 7
18 36941213 37537038 36941213 37537038 23 6
18 37537039 38132864 37537039 38132864 9 10
18 38132865 38728690 38132865 38728690 26 6
18 38728691 39324516 38728691 39324516 18 8
18 39324517 39920342 39324517 39920342 14 4
18 39920343 40516168 39920343 40516168 14 2
18 40516169 41111994 40516169 41111994 33 359
18 41111995 41707820 41111995 41707820 49 215
18 41707821 42303646 41707821 42303646 7 4
18 42303647 42899472 42303647 42899472 37 13
18 42899473 43495298 42899473 43495298 28 6
18 43495299 44091124 43495299 44091124 16 11
18 44091125 44686950 44091125 44686950 37 16
18 44686951 45282776 44686951 45282776 17 6
18 45282777 45878602 45282777 45878602 39 13
18 45878603 46474428 45878603 46474428 34 6
18 46474429 47070254 46474429 47070254 20 4
18 47070255 47666080 47070255 47666080 32 3
18 47666081 48261906 47666081 48261906 26 9
18 48261907 48857732 48261907 48857732 24 11
18 48857733 49453558 48857733 49453558 11 6
18 49453559 50049384 49453559 50049384 33 6
18 50049385 50645210 50049385 50645210 19 10
18 50645211 51241036 50645211 51241036 22 16
18 51241037 51836862 51241037 51836862 17 8
18 51836863 52432688 51836863 52432688 21 0
18 52432689 53028514 52432689 53028514 25 7
18 53028515 53624340 53028515 53624340 25 6
18 53624341 54220166 53624341 54220166 26 12
18 54220167 54815992 54220167 54815992 29 21
18 54815993 55411818 54815993 55411818 41 28
18 55411819 56007644 55411819 56007644 18 21
18 56007645 56603470 56007645 56603470 25 16
18 56603471 57199296 56603471 57199296 29 5
18 57199297 57795122 57199297 57795122 24 10
18 57795123 58390948 57795123 58390948 31 10
18 58390949 58986774 58390949 58986774 19 9
18 58986775 59582600 58986775 59582600 27 13
18 59582601 60178426 59582601 60178426 21 7
18 60178427 60774252 60178427 60774252 23 7
18 60774253 61370078 60774253 61370078 20 27
18 61370079 61965904 61370079 61965904 23 2
18 61965905 62561730 61965905 62561730 19 4
18 62561731 63157556 62561731 63157556 21 7
18 63157557 63753382 63157557 63753382 19 28
18 63753383 64349208 63753383 64349208 25 5
18 64349209 64945034 64349209 64945034 14 9
18 64945035 65540860 64945035 65540860 30 5
18 65540861 66136686 65540861 66136686 16 370
18 66136687 66732512 66136687 66732512 19 3
18 66732513 67328338 66732513 67328338 28 7
18 67328339 67924164 67328339 67924164 16 11
18 67924165 68519990 67924165 68519990 18 5
18 68519991 69115816 68519991 69115816 27 12
18 69115817 69711642 69115817 69711642 32 21
18 69711643 70307468 69711643 70307468 30 11
18 70307469 70903294 70307469 70903294 21 4
18 70903295 71499120 70903295 71499120 29 20
18 71499121 72094946 71499121 72094946 35 7
18 72094947 72690772 72094947 72690772 15 5
18 72690773 73286598 72690773 73286598 31 16
18 73286599 73882424 73286599 73882424 35 25
18 73882425 74478250 73882425 74478250 18 10
18 74478251 76115293 74478251 76115293 55 26
