19 1 599745 1 599745 9 10
19 599746 1199490 599746 1199490 14 320
19 1199491 1799235 1199491 1799235 4 8
19 1799236 2398980 1799236 2398980 36 9
19 2398981 2998725 2398981 2998725 23 6
19 2998726 3598470 2998726 3598470 12 11
19 3598471 4198215 3598471 4198215 13 11
19 4198216 4797960 4198216 4797960 29 9
19 4797961 5397705 4797961 5397705 35 7
19 5397706 5997450 5397706 5997450 38 9
19 5997451 6597195 5997451 6597195 24 7
19 6597196 7196940 6597196 7196940 41 96
19 7196941 7796685 7196941 7796685 21 11
19 7796686 8396430 7796686 8396430 23 19
19 8396431 8996175 8396431 8996175 50 11
19 8996176 9595920 8996176 9595920 49 8
19 9595921 10195665 9595921 10195665 27 6
19 10195666 10795410 10195666 10795410 41 375
19 10795411 11395155 10795411 11395155 37 29
19 11395156 11994900 11395156 11994900 35 7
19 11994901 12594645 11994901 12594645 34 6
19 12594646 13194390 12594646 13194390 10 12
19 13194391 13794135 13194391 13794135 35 6
19 13794136 14393880 13794136 14393880 1 4
19 14393881 14993625 14393881 14993625 53 9
19 14993626 15593370 14993626 15593370 54 12
19 15593371 16193115 15593371 16193115 84 7
19 16193116 16792860 16193116 16792860 43 17
19 16792861 17392605 16792861 17392605 37 6
19 17392606 17992350 17392606 17992350 19 11
19 17992351 18592095 17992351 18592095 49 433
19 18592096 19191840 18592096 19191840 30 16
19 19191841 19791585 19191841 19791585 42 12
19 19791586 20391330 19791586 20391330 20 5
19 20391331 20991075 20391331 20991075 37 1
19 20991076 21590820 20991076 21590820 28 1
19 21590821 22190565 21590821 22190565 45 5
19 22190566 22790310 22190566 22790310 39 3
19 22790311 23390055 22790311 23390055 27 7
19 23390056 23989800 23390056 23989800 31 3
19 23989801 24589545 23989801 24589545 18 2
19 24589546 25189290 24589546 25189290 0 0
19 25189291 25789035 25189291 25789035 0 0
19 25789036 26388780 25789036 26388780 0 0
19 26388781 26988525 26388781 26988525 0 0
19 26988526 27588270 26988526 27588270 0 0
19 27588271 28188015 27588271 28188015 0 0
19 28188016 28787760 28188016 28787760 0 0
19 28787761 29387505 28787761 29387505 0 0
19 29387506 29987250 29387506 29987250 0 0
19 29987251 30586995 29987251 30586995 0 0
19 30586996 31186740 30586996 31186740 0 0
19 31186741 31786485 31186741 31786485 0 0
19 31786486 32386230 31786486 32386230 0 0
19 32386231 32985975 32386231 32985975 9 0
19 32985976 33585720 32985976 33585720 80 7
19 33585721 34185465 33585721 34185465 88 3
19 34185466 34785210 34185466 34785210 91 27
19 34785211 35384955 34785211 35384955 50 7
19 35384956 35984700 35384956 35984700 49 10
19 35984701 36584445 35984701 36584445 56 10
19 36584446 37184190 36584446 37184190 36 8
19 37184191 37783935 37184191 37783935 51 6
19 37783936 38383680 37783936 38383680 65 12
19 38383681 38983425 38383681 38983425 45 20
19 38983426 39583170 38983426 39583170 55 13
19 39583171 40182915 39583171 40182915 50 10
19 40182916 40782660 40182916 40782660 41 17
19 40782661 41382405 40782661 41382405 34 19
19 41382406 41982150 41382406 41982150 43 1
19 41982151 42581895 41982151 42581895 40 13
19 42581896 43181640 42581896 43181640 43 7
19 43181641 43781385 43181641 43781385 56 4
19 43781386 44381130 43781386 44381130 42 3
19 44381131 44980875 44381131 44980875 56 14
19 44980876 45580620 44980876 45580620 54 6
19 45580621 46180365 45580621 46180365 42 4
19 46180366 46780110 46180366 46780110 41 9
19 46780111 47379855 46780111 47379855 33 6
19 47379856 47979600 47379856 47979600 17 10
19 47979601 48579345 47979601 48579345 1 3
19 48579346 49179090 48579346 49179090 57 34
19 49179091 49778835 49179091 49778835 59 9
19 49778836 50378580 49778836 50378580 30 23
19 50378581 50978325 50378581 50978325 14 15
19 50978326 51578070 50978326 51578070 42 37
19 51578071 52177815 51578071 52177815 28 227
19 52177816 52777560 52177816 52777560 22 10
19 52777561 53377305 52777561 53377305 52 10
19 53377306 53977050 53377306 53977050 45 279
19 53977051 54576795 53977051 54576795 35 13
19 54576796 55176540 54576796 55176540 26 17
19 55176541 55776285 55176541 55776285 35 5
19 55776286 56376030 55776286 56376030 39 21
19 56376031 56975775 56376031 56975775 49 103
19 56975776 57575520 56975776 57575520 77 12
19 57575521 58175265 57575521 58175265 16 2
19 58175266 58775010 58175266 58775010 30 2
19 58775011 59374755 58775011 59374755 10 29
19 59374756 59974500 59374756 59974500 37 466
19 59974501 60574245 59974501 60574245 28 435
19 60574246 61173990 60574246 61173990 63 23
19 61173991 61773735 61173991 61773735 47 7
19 61773736 62373480 61773736 62373480 43 11
19 62373481 63785276 62373481 63785276 168 31
