20 1 596545 1 596545 33 9
20 596546 1193090 596546 1193090 31 9
20 1193091 1789635 1193091 1789635 52 543
20 1789636 2386180 1789636 2386180 64 18
20 2386181 2982725 2386181 2982725 37 11
20 2982726 3579270 2982726 3579270 27 13
20 3579271 4175815 3579271 4175815 35 36
20 4175816 4772360 4175816 4772360 47 18
20 4772361 5368905 4772361 5368905 40 4
20 5368906 5965450 5368906 5965450 23 12
20 5965451 6561995 5965451 6561995 45 9
20 6561996 7158540 6561996 7158540 42 8
20 7158541 7755085 7158541 7755085 44 3
20 7755086 8351630 7755086 8351630 44 13
20 8351631 8948175 8351631 8948175 48 12
20 8948176 9544720 8948176 9544720 42 4
20 9544721 10141265 9544721 10141265 48 4
20 10141266 10737810 10141266 10737810 57 11
20 10737811 11334355 10737811 11334355 57 7
20 11334356 11930900 11334356 11930900 44 6
20 11930901 12527445 11930901 12527445 53 7
20 12527446 13123990 12527446 13123990 69 17
20 13123991 13720535 13123991 13720535 45 5
20 13720536 14317080 13720536 14317080 37 8
20 14317081 14913625 14317081 14913625 34 15
20 14913626 15510170 14913626 15510170 54 9
20 15510171 16106715 15510171 16106715 72 17
20 16106716 16703260 16106716 16703260 71 24
20 16703261 17299805 16703261 17299805 56 7
20 17299806 17896350 17299806 17896350 64 7
20 17896351 18492895 17896351 18492895 41 10
20 18492896 19089440 18492896 19089440 34 6
20 19089441 19685985 19089441 19685985 65 20
20 19685986 20282530 19685986 20282530 50 17
20 20282531 20879075 20282531 20879075 29 5
20 20879076 21475620 20879076 21475620 38 3
20 21475621 22072165 21475621 22072165 26 4
20 22072166 22668710 22072166 22668710 39 9
20 22668711 23265255 22668711 23265255 62 3
20 23265256 23861800 23265256 23861800 46 13
20 23861801 24458345 23861801 24458345 44 3
20 24458346 25054890 24458346 25054890 50 11
20 25054891 25651435 25054891 25651435 30 4
20 25651436 26247980 25651436 26247980 8 5
20 26247981 26844525 26247981 26844525 0 0
20 26844526 27441070 26844526 27441070 0 0
20 27441071 28037615 27441071 28037615 0 0
20 28037616 28634160 28037616 28634160 0 0
20 28634161 29230705 28634161 29230705 0 0
20 29230706 29827250 29230706 29827250 20 7
20 29827251 30423795 29827251 30423795 44 7
20 30423796 31020340 30423796 31020340 24 12
20 31020341 31616885 31020341 31616885 25 6
20 31616886 32213430 31616886 32213430 25 9
20 32213431 32809975 32213431 32809975 26 5
20 32809976 33406520 32809976 33406520 33 32
20 33406521 34003065 33406521 34003065 26 17
20 34003066 34599610 34003066 34599610 19 4
20 34599611 35196155 34599611 35196155 18 8
20 35196156 35792700 35196156 35792700 30 12
20 35792701 36389245 35792701 36389245 32 0
20 36389246 36985790 36389246 36985790 34 11
20 36985791 37582335 36985791 37582335 31 6
20 37582336 38178880 37582336 38178880 46 3
20 38178881 38775425 38178881 38775425 38 11
20 38775426 39371970 38775426 39371970 31 4
20 39371971 39968515 39371971 39968515 43 9
20 39968516 40565060 39968516 40565060 52 13
20 40565061 41161605 40565061 41161605 57 29
20 41161606 41758150 41161606 41758150 47 4
20 41758151 42354695 41758151 42354695 54 20
20 42354696 42951240 42354696 42951240 27 413
20 42951241 43547785 42951241 43547785 42 393
20 43547786 44144330 43547786 44144330 42 361
20 44144331 44740875 44144331 44740875 27 298
20 44740876 45337420 44740876 45337420 42 11
20 45337421 45933965 45337421 45933965 29 14
20 45933966 46530510 45933966 46530510 48 27
20 46530511 47127055 46530511 47127055 47 9
20 47127056 47723600 47127056 47723600 38 12
20 47723601 48320145 47723601 48320145 33 549
20 48320146 48916690 48320146 48916690 43 6
20 48916691 49513235 48916691 49513235 41 11
20 49513236 50109780 49513236 50109780 42 12
20 50109781 50706325 50109781 50706325 32 9
20 50706326 51302870 50706326 51302870 42 9
20 51302871 51899415 51302871 51899415 22 5
20 51899416 52495960 51899416 52495960 54 23
20 52495961 53092505 52495961 53092505 41 6
20 53092506 53689050 53092506 53689050 34 10
20 53689051 54285595 53689051 54285595 47 8
20 54285596 54882140 54285596 54882140 31 8
20 54882141 55478685 54882141 55478685 44 16
20 55478686 56075230 55478686 56075230 50 17
20 56075231 56671775 56075231 56671775 47 5
20 56671776 57268320 56671776 57268320 39 16
20 57268321 57864865 57268321 57864865 34 15
20 57864866 58461410 57864866 58461410 38 5
20 58461411 59057955 58461411 59057955 44 8
20 59057956 59654500 59057956 59654500 49 25
20 59654501 60251045 59654501 60251045 28 11
20 60251046 60847590 60251046 60847590 14 28
20 60847591 62376877 60847591 62376877 72 447
