22 1 594376 1 594376 0 0
22 594377 1188752 594377 1188752 0 0
22 1188753 1783128 1188753 1783128 0 0
22 1783129 2377504 1783129 2377504 0 0
22 2377505 2971880 2377505 2971880 0 0
22 2971881 3566256 2971881 3566256 0 0
22 3566257 4160632 3566257 4160632 0 0
22 4160633 4755008 4160633 4755008 0 0
22 4755009 5349384 4755009 5349384 0 0
22 5349385 5943760 5349385 5943760 0 0
22 5943761 6538136 5943761 6538136 0 0
22 6538137 7132512 6538137 7132512 0 0
22 7132513 7726888 7132513 7726888 0 0
22 7726889 8321264 7726889 8321264 0 0
22 8321265 8915640 8321265 8915640 0 0
22 8915641 9510016 8915641 9510016 0 0
22 9510017 10104392 9510017 10104392 0 0
22 10104393 10698768 10104393 10698768 0 0
22 10698769 11293144 10698769 11293144 0 0
22 11293145 11887520 11293145 11887520 0 0
22 11887521 12481896 11887521 12481896 0 0
22 12481897 13076272 12481897 13076272 0 0
22 13076273 13670648 13076273 13670648 0 0
22 13670649 14265024 13670649 14265024 0 0
22 14265025 14859400 14265025 14859400 0 0
22 14859401 15453776 14859401 15453776 0 0
22 15453777 16048152 15453777 16048152 46 34
22 16048153 16642528 16048153 16642528 42 12
22 16642529 17236904 16642529 17236904 30 4
22 17236905 17831280 17236905 17831280 59 10
22 17831281 18425656 17831281 18425656 51 12
22 18425657 19020032 18425657 19020032 15 15
22 19020033 19614408 19020033 19614408 40 5
22 19614409 20208784 19614409 20208784 15 31
22 20208785 20803160 20208785 20803160 40 157
22 20803161 21397536 20803161 21397536 14 13
22 21397537 21991912 21397537 21991912 40 9
22 21991913 22586288 21991913 22586288 52 10
22 22586289 23180664 22586289 23180664 33 11
22 23180665 23775040 23180665 23775040 35 9
22 23775041 24369416 23775041 24369416 25 2
22 24369417 24963792 24369417 24963792 78 14
22 24963793 25558168 24963793 25558168 82 9
22 25558169 26152544 25558169 26152544 95 20
22 26152545 26746920 26152545 26746920 66 15
22 26746921 27341296 26746921 27341296 22 6
22 27341297 27935672 27341297 27935672 53 15
22 27935673 28530048 27935673 28530048 48 465
22 28530049 29124424 28530049 29124424 46 797
22 29124425 29718800 29124425 29718800 50 10
22 29718801 30313176 29718801 30313176 38 4
22 30313177 30907552 30313177 30907552 37 10
22 30907553 31501928 30907553 31501928 83 28
22 31501929 32096304 31501929 32096304 62 16
22 32096305 32690680 32096305 32690680 63 6
22 32690681 33285056 32690681 33285056 72 6
22 33285057 33879432 33285057 33879432 82 9
22 33879433 34473808 33879433 34473808 55 9
22 34473809 35068184 34473809 35068184 36 15
22 35068185 35662560 35068185 35662560 39 18
22 35662561 36256936 35662561 36256936 45 410
22 36256937 36851312 36256937 36851312 34 5
22 36851313 37445688 36851313 37445688 38 14
22 37445689 38040064 37445689 38040064 31 150
22 38040065 38634440 38040065 38634440 34 126
22 38634441 39228816 38634441 39228816 26 5
22 39228817 39823192 39228817 39823192 21 3
22 39823193 40417568 39823193 40417568 38 7
22 40417569 41011944 40417569 41011944 39 6
22 41011945 41606320 41011945 41606320 33 6
22 41606321 42200696 41606321 42200696 72 24
22 42200697 42795072 42200697 42795072 63 4
22 42795073 43389448 42795073 43389448 65 17
22 43389449 43983824 43389449 43983824 59 39
22 43983825 44578200 43983825 44578200 56 28
22 44578201 45172576 44578201 45172576 30 16
22 45172577 45766952 45172577 45766952 59 21
22 45766953 46361328 45766953 46361328 64 4
22 46361329 46955704 46361329 46955704 87 7
22 46955705 47550080 46955705 47550080 73 21
22 47550081 48144456 47550081 48144456 74 11
22 48144457 49503532 48144457 49503532 88 43
