21 1 594513 1 594513 0 0
21 594514 1189026 594514 1189026 0 0
21 1189027 1783539 1189027 1783539 0 0
21 1783540 2378052 1783540 2378052 0 0
21 2378053 2972565 2378053 2972565 0 0
21 2972566 3567078 2972566 3567078 0 0
21 3567079 4161591 3567079 4161591 0 0
21 4161592 4756104 4161592 4756104 0 0
21 4756105 5350617 4756105 5350617 0 0
21 5350618 5945130 5350618 5945130 0 0
21 5945131 6539643 5945131 6539643 0 0
21 6539644 7134156 6539644 7134156 0 0
21 7134157 7728669 7134157 7728669 0 0
21 7728670 8323182 7728670 8323182 0 0
21 8323183 8917695 8323183 8917695 0 0
21 8917696 9512208 8917696 9512208 0 0
21 9512209 10106721 9512209 10106721 0 2
21 10106722 10701234 10106722 10701234 0 0
21 10701235 11295747 10701235 11295747 0 0
21 11295748 11890260 11295748 11890260 0 0
21 11890261 12484773 11890261 12484773 0 0
21 12484774 13079286 12484774 13079286 0 0
21 13079287 13673799 13079287 13673799 0 1
21 13673800 14268312 13673800 14268312 0 2
21 14268313 14862825 14268313 14862825 40 11
21 14862826 15457338 14862826 15457338 37 7
21 15457339 16051851 15457339 16051851 23 340
21 16051852 16646364 16051852 16646364 15 3
21 16646365 17240877 16646365 17240877 18 3
21 17240878 17835390 17240878 17835390 31 6
21 17835391 18429903 17835391 18429903 32 11
21 18429904 19024416 18429904 19024416 35 7
21 19024417 19618929 19024417 19618929 44 2
21 19618930 20213442 19618930 20213442 29 7
21 20213443 20807955 20213443 20807955 33 4
21 20807956 21402468 20807956 21402468 32 9
21 21402469 21996981 21402469 21996981 32 4
21 21996982 22591494 21996982 22591494 34 7
21 22591495 23186007 22591495 23186007 16 2
21 23186008 23780520 23186008 23780520 36 0
21 23780521 24375033 23780521 24375033 31 8
21 24375034 24969546 24375034 24969546 34 11
21 24969547 25564059 24969547 25564059 26 9
21 25564060 26158572 25564060 26158572 23 8
21 26158573 26753085 26158573 26753085 40 20
21 26753086 27347598 26753086 27347598 51 6
21 27347599 27942111 27347599 27942111 27 8
21 27942112 28536624 27942112 28536624 37 4
21 28536625 29131137 28536625 29131137 45 2
21 29131138 29725650 29131138 29725650 23 6
21 29725651 30320163 29725651 30320163 38 7
21 30320164 30914676 30320164 30914676 33 5
21 30914677 31509189 30914677 31509189 20 7
21 31509190 32103702 31509190 32103702 27 4
21 32103703 32698215 32103703 32698215 29 4
21 32698216 33292728 32698216 33292728 27 14
21 33292729 33887241 33292729 33887241 26 20
21 33887242 34481754 33887242 34481754 28 5
21 34481755 35076267 34481755 35076267 35 11
21 35076268 35670780 35076268 35670780 37 28
21 35670781 36265293 35670781 36265293 27 4
21 36265294 36859806 36265294 36859806 39 12
21 36859807 37454319 36859807 37454319 22 9
21 37454320 38048832 37454320 38048832 26 31
21 38048833 38643345 38048833 38643345 33 9
21 38643346 39237858 38643346 39237858 31 21
21 39237859 39832371 39237859 39832371 47 281
21 39832372 40426884 39832372 40426884 46 10
21 40426885 41021397 40426885 41021397 41 14
21 41021398 41615910 41021398 41615910 35 11
21 41615911 42210423 41615911 42210423 26 16
21 42210424 42804936 42210424 42804936 37 289
21 42804937 43399449 42804937 43399449 51 21
21 43399450 43993962 43399450 43993962 17 14
21 43993963 44588475 43993963 44588475 20 336
21 44588476 45182988 44588476 45182988 39 16
21 45182989 46899964 45182989 46899964 85 37
