2 1 599974 1 599974 67 9
2 599975 1199948 599975 1199948 73 3
2 1199949 1799922 1199949 1799922 53 6
2 1799923 2399896 1799923 2399896 53 8
2 2399897 2999870 2399897 2999870 74 15
2 2999871 3599844 2999871 3599844 38 5
2 3599845 4199818 3599845 4199818 62 10
2 4199819 4799792 4199819 4799792 43 4
2 4799793 5399766 4799793 5399766 64 12
2 5399767 5999740 5399767 5999740 66 10
2 5999741 6599714 5999741 6599714 69 10
2 6599715 7199688 6599715 7199688 72 4
2 7199689 7799662 7199689 7799662 50 8
2 7799663 8399636 7799663 8399636 55 12
2 8399637 8999610 8399637 8999610 57 9
2 8999611 9599584 8999611 9599584 47 5
2 9599585 10199558 9599585 10199558 43 18
2 10199559 10799532 10199559 10799532 47 11
2 10799533 11399506 10799533 11399506 58 8
2 11399507 11999480 11399507 11999480 58 7
2 11999481 12599454 11999481 12599454 77 15
2 12599455 13199428 12599455 13199428 61 17
2 13199429 13799402 13199429 13799402 32 5
2 13799403 14399376 13799403 14399376 45 1
2 14399377 14999350 14399377 14999350 52 6
2 14999351 15599324 14999351 15599324 60 11
2 15599325 16199298 15599325 16199298 63 15
2 16199299 16799272 16199299 16799272 54 7
2 16799273 17399246 16799273 17399246 53 6
2 17399247 17999220 17399247 17999220 35 12
2 17999221 18599194 17999221 18599194 77 4
2 18599195 19199168 18599195 19199168 49 8
2 19199169 19799142 19199169 19799142 82 10
2 19799143 20399116 19799143 20399116 78 12
2 20399117 20999090 20399117 20999090 56 14
2 20999091 21599064 20999091 21599064 43 133
2 21599065 22199038 21599065 22199038 23 2
2 22199039 22799012 22199039 22799012 37 3
2 22799013 23398986 22799013 23398986 77 8
2 23398987 23998960 23398987 23998960 50 7
2 23998961 24598934 23998961 24598934 48 5
2 24598935 25198908 24598935 25198908 48 11
2 25198909 25798882 25198909 25798882 43 270
2 25798883 26398856 25798883 26398856 33 3
2 26398857 26998830 26398857 26998830 48 5
2 26998831 27598804 26998831 27598804 50 15
2 27598805 28198778 27598805 28198778 26 10
2 28198779 28798752 28198779 28798752 57 16
2 28798753 29398726 28798753 29398726 74 6
2 29398727 29998700 29398727 29998700 97 21
2 29998701 30598674 29998701 30598674 37 11
2 30598675 31198648 30598675 31198648 79 9
2 31198649 31798622 31198649 31798622 48 22
2 31798623 32398596 31798623 32398596 43 2
2 32398597 32998570 32398597 32998570 38 15
2 32998571 33598544 32998571 33598544 56 134
2 33598545 34198518 33598545 34198518 82 13
2 34198519 34798492 34198519 34798492 45 11
2 34798493 35398466 34798493 35398466 53 2
2 35398467 35998440 35398467 35998440 72 9
2 35998441 36598414 35998441 36598414 86 11
2 36598415 37198388 36598415 37198388 65 13
2 37198389 37798362 37198389 37798362 58 10
2 37798363 38398336 37798363 38398336 79 18
2 38398337 38998310 38398337 38998310 53 7
2 38998311 39598284 38998311 39598284 37 1
2 39598285 40198258 39598285 40198258 62 3
2 40198259 40798232 40198259 40798232 73 19
2 40798233 41398206 40798233 41398206 55 10
2 41398207 41998180 41398207 41998180 77 15
2 41998181 42598154 41998181 42598154 57 8
2 42598155 43198128 42598155 43198128 59 121
2 43198129 43798102 43198129 43798102 78 1243
2 43798103 44398076 43798103 44398076 60 17
2 44398077 44998050 44398077 44998050 64 9
2 44998051 45598024 44998051 45598024 79 14
2 45598025 46197998 45598025 46197998 87 19
2 46197999 46797972 46197999 46797972 88 7
2 46797973 47397946 46797973 47397946 67 15
2 47397947 47997920 47397947 47997920 38 8
2 47997921 48597894 47997921 48597894 33 8
2 48597895 49197868 48597895 49197868 89 22
2 49197869 49797842 49197869 49797842 73 3
2 49797843 50397816 49797843 50397816 71 13
2 50397817 50997790 50397817 50997790 71 7
2 50997791 51597764 50997791 51597764 52 3
2 51597765 52197738 51597765 52197738 67 22
2 52197739 52797712 52197739 52797712 68 11
2 52797713 53397686 52797713 53397686 69 24
2 53397687 53997660 53397687 53997660 62 10
2 53997661 54597634 53997661 54597634 78 2
2 54597635 55197608 54597635 55197608 93 13
2 55197609 55797582 55197609 55797582 50 6
2 55797583 56397556 55797583 56397556 80 11
2 56397557 56997530 56397557 56997530 55 10
2 56997531 57597504 56997531 57597504 46 3
2 57597505 58197478 57597505 58197478 60 17
2 58197479 58797452 58197479 58797452 39 9
2 58797453 59397426 58797453 59397426 71 5
2 59397427 59997400 59397427 59997400 77 9
2 59997401 60597374 59997401 60597374 73 15
2 60597375 61197348 60597375 61197348 51 590
2 61197349 61797322 61197349 61797322 37 801
2 61797323 62397296 61797323 62397296 40 178
2 62397297 62997270 62397297 62997270 45 218
2 62997271 63597244 62997271 63597244 24 4
2 63597245 64197218 63597245 64197218 36 10
2 64197219 64797192 64197219 64797192 66 3
2 64797193 65397166 64797193 65397166 51 242
2 65397167 65997140 65397167 65997140 90 424
2 65997141 66597114 65997141 66597114 57 7
2 66597115 67197088 66597115 67197088 56 4
2 67197089 67797062 67197089 67797062 88 19
2 67797063 68397036 67797063 68397036 62 31
2 68397037 68997010 68397037 68997010 65 427
2 68997011 69596984 68997011 69596984 51 11
2 69596985 70196958 69596985 70196958 33 8
2 70196959 70796932 70196959 70796932 68 7
2 70796933 71396906 70796933 71396906 55 18
2 71396907 71996880 71396907 71996880 40 9
2 71996881 72596854 71996881 72596854 43 4
2 72596855 73196828 72596855 73196828 16 2
2 73196829 73796802 73196829 73796802 34 12
2 73796803 74396776 73796803 74396776 46 7
2 74396777 74996750 74396777 74996750 49 6
2 74996751 75596724 74996751 75596724 58 10
2 75596725 76196698 75596725 76196698 61 3
2 76196699 76796672 76196699 76796672 67 11
2 76796673 77396646 76796673 77396646 45 14
2 77396647 77996620 77396647 77996620 41 1
2 77996621 78596594 77996621 78596594 50 5
2 78596595 79196568 78596595 79196568 60 4
2 79196569 79796542 79196569 79796542 78 10
2 79796543 80396516 79796543 80396516 90 15
2 80396517 80996490 80396517 80996490 54 3
2 80996491 81596464 80996491 81596464 37 1
2 81596465 82196438 81596465 82196438 51 14
2 82196439 82796412 82196439 82796412 31 4
2 82796413 83396386 82796413 83396386 41 0
2 83396387 83996360 83396387 83996360 34 1
2 83996361 84596334 83996361 84596334 38 6
2 84596335 85196308 84596335 85196308 35 4
2 85196309 85796282 85196309 85796282 47 33
2 85796283 86396256 85796283 86396256 58 7
2 86396257 86996230 86396257 86996230 41 7
2 86996231 87596204 86996231 87596204 0 0
2 87596205 88196178 87596205 88196178 18 2
2 88196179 88796152 88196179 88796152 42 7
2 88796153 89396126 88796153 89396126 7 0
2 89396127 89996100 89396127 89996100 0 0
2 89996101 90596074 89996101 90596074 0 0
2 90596075 91196048 90596075 91196048 0 0
2 91196049 91796022 91196049 91796022 0 0
2 91796023 92395996 91796023 92395996 0 0
2 92395997 92995970 92395997 92995970 0 0
2 92995971 93595944 92995971 93595944 0 0
2 93595945 94195918 93595945 94195918 0 0
2 94195919 94795892 94195919 94795892 0 0
2 94795893 95395866 94795893 95395866 18 9
2 95395867 95995840 95395867 95995840 5 2
2 95995841 96595814 95995841 96595814 23 2
2 96595815 97195788 96595815 97195788 29 16
2 97195789 97795762 97195789 97795762 9 4
2 97795763 98395736 97795763 98395736 45 4
2 98395737 98995710 98395737 98995710 42 12
2 98995711 99595684 98995711 99595684 47 4
2 99595685 100195658 99595685 100195658 53 812
2 100195659 100795632 100195659 100795632 77 665
2 100795633 101395606 100795633 101395606 63 9
2 101395607 101995580 101395607 101995580 48 717
2 101995581 102595554 101995581 102595554 89 1854
2 102595555 103195528 102595555 103195528 35 6
2 103195529 103795502 103195529 103795502 21 0
2 103795503 104395476 103795503 104395476 46 26
2 104395477 104995450 104395477 104995450 45 7
2 104995451 105595424 104995451 105595424 67 30
2 105595425 106195398 105595425 106195398 73 27
2 106195399 106795372 106195399 106795372 36 11
2 106795373 107395346 106795373 107395346 62 2
2 107395347 107995320 107395347 107995320 42 2
2 107995321 108595294 107995321 108595294 50 3
2 108595295 109195268 108595295 109195268 44 8
2 109195269 109795242 109195269 109795242 26 6
2 109795243 110395216 109795243 110395216 10 1
2 110395217 110995190 110395217 110995190 0 0
2 110995191 111595164 110995191 111595164 53 13
2 111595165 112195138 111595165 112195138 20 10
2 112195139 112795112 112195139 112795112 54 12
2 112795113 113395086 112795113 113395086 48 19
2 113395087 113995060 113395087 113995060 53 22
2 113995061 114595034 113995061 114595034 46 5
2 114595035 115195008 114595035 115195008 41 10
2 115195009 115794982 115195009 115794982 37 6
2 115794983 116394956 115794983 116394956 48 24
2 116394957 116994930 116394957 116994930 41 13
2 116994931 117594904 116994931 117594904 29 6
2 117594905 118194878 117594905 118194878 46 6
2 118194879 118794852 118194879 118794852 72 18
2 118794853 119394826 118794853 119394826 79 11
2 119394827 119994800 119394827 119994800 60 5
2 119994801 120594774 119994801 120594774 18 3
2 120594775 121194748 120594775 121194748 42 8
2 121194749 121794722 121194749 121794722 41 2
2 121794723 122394696 121794723 122394696 31 9
2 122394697 122994670 122394697 122994670 53 4
2 122994671 123594644 122994671 123594644 73 3
2 123594645 124194618 123594645 124194618 42 2
2 124194619 124794592 124194619 124794592 65 3
2 124794593 125394566 124794593 125394566 53 1
2 125394567 125994540 125394567 125994540 28 3
2 125994541 126594514 125994541 126594514 43 7
2 126594515 127194488 126594515 127194488 45 9
2 127194489 127794462 127194489 127794462 60 7
2 127794463 128394436 127794463 128394436 51 19
2 128394437 128994410 128394437 128994410 46 10
2 128994411 129594384 128994411 129594384 58 10
2 129594385 130194358 129594385 130194358 72 10
2 130194359 130794332 130194359 130794332 14 10
2 130794333 131394306 130794333 131394306 15 0
2 131394307 131994280 131394307 131994280 20 0
2 131994281 132594254 131994281 132594254 1 0
2 132594255 133194228 132594255 133194228 39 9
2 133194229 133794202 133194229 133794202 65 14
2 133794203 134394176 133794203 134394176 65 15
2 134394177 134994150 134394177 134994150 82 64
2 134994151 135594124 134994151 135594124 46 25
2 135594125 136194098 135594125 136194098 45 32
2 136194099 136794072 136194099 136794072 48 24
2 136794073 137394046 136794073 137394046 77 2
2 137394047 137994020 137394047 137994020 62 6
2 137994021 138593994 137994021 138593994 43 9
2 138593995 139193968 138593995 139193968 37 7
2 139193969 139793942 139193969 139793942 48 8
2 139793943 140393916 139793943 140393916 50 3
2 140393917 140993890 140393917 140993890 55 13
2 140993891 141593864 140993891 141593864 74 7
2 141593865 142193838 141593865 142193838 67 28
2 142193839 142793812 142193839 142793812 68 4
2 142793813 143393786 142793813 143393786 22 7
2 143393787 143993760 143393787 143993760 47 9
2 143993761 144593734 143993761 144593734 44 23
2 144593735 145193708 144593735 145193708 23 3
2 145193709 145793682 145193709 145793682 41 12
2 145793683 146393656 145793683 146393656 43 7
2 146393657 146993630 146393657 146993630 18 4
2 146993631 147593604 146993631 147593604 31 6
2 147593605 148193578 147593605 148193578 34 13
2 148193579 148793552 148193579 148793552 33 6
2 148793553 149393526 148793553 149393526 40 9
2 149393527 149993500 149393527 149993500 39 6
2 149993501 150593474 149993501 150593474 48 4
2 150593475 151193448 150593475 151193448 37 4
2 151193449 151793422 151193449 151793422 87 10
2 151793423 152393396 151793423 152393396 35 19
2 152393397 152993370 152393397 152993370 46 16
2 152993371 153593344 152993371 153593344 50 10
2 153593345 154193318 153593345 154193318 58 5
2 154193319 154793292 154193319 154793292 50 5
2 154793293 155393266 154793293 155393266 48 3
2 155393267 155993240 155393267 155993240 30 0
2 155993241 156593214 155993241 156593214 43 6
2 156593215 157193188 156593215 157193188 33 3
2 157193189 157793162 157193189 157793162 34 1
2 157793163 158393136 157793163 158393136 27 10
2 158393137 158993110 158393137 158993110 41 6
2 158993111 159593084 158993111 159593084 62 13
2 159593085 160193058 159593085 160193058 59 9
2 160193059 160793032 160193059 160793032 63 12
2 160793033 161393006 160793033 161393006 40 3
2 161393007 161992980 161393007 161992980 55 11
2 161992981 162592954 161992981 162592954 43 5
2 162592955 163192928 162592955 163192928 12 978
2 163192929 163792902 163192929 163792902 31 1
2 163792903 164392876 163792903 164392876 30 3
2 164392877 164992850 164392877 164992850 43 6
2 164992851 165592824 164992851 165592824 45 6
2 165592825 166192798 165592825 166192798 52 7
2 166192799 166792772 166192799 166792772 54 15
2 166792773 167392746 166792773 167392746 59 3
2 167392747 167992720 167392747 167992720 46 3
2 167992721 168592694 167992721 168592694 45 9
2 168592695 169192668 168592695 169192668 75 23
2 169192669 169792642 169192669 169792642 73 20
2 169792643 170392616 169792643 170392616 52 8
2 170392617 170992590 170392617 170992590 50 9
2 170992591 171592564 170992591 171592564 48 5
2 171592565 172192538 171592565 172192538 44 14
2 172192539 172792512 172192539 172792512 37 10
2 172792513 173392486 172792513 173392486 60 12
2 173392487 173992460 173392487 173992460 50 12
2 173992461 174592434 173992461 174592434 60 8
2 174592435 175192408 174592435 175192408 40 7
2 175192409 175792382 175192409 175792382 34 3
2 175792383 176392356 175792383 176392356 56 13
2 176392357 176992330 176392357 176992330 55 5
2 176992331 177592304 176992331 177592304 71 13
2 177592305 178192278 177592305 178192278 46 7
2 178192279 178792252 178192279 178792252 68 5
2 178792253 179392226 178792253 179392226 66 20
2 179392227 179992200 179392227 179992200 53 7
2 179992201 180592174 179992201 180592174 76 3
2 180592175 181192148 180592175 181192148 77 16
2 181192149 181792122 181192149 181792122 44 747
2 181792123 182392096 181792123 182392096 38 459
2 182392097 182992070 182392097 182992070 50 11
2 182992071 183592044 182992071 183592044 57 5
2 183592045 184192018 183592045 184192018 50 3
2 184192019 184791992 184192019 184791992 48 0
2 184791993 185391966 184791993 185391966 40 593
2 185391967 185991940 185391967 185991940 33 1038
2 185991941 186591914 185991941 186591914 36 4
2 186591915 187191888 186591915 187191888 40 0
2 187191889 187791862 187191889 187791862 39 6
2 187791863 188391836 187791863 188391836 32 6
2 188391837 188991810 188391837 188991810 41 6
2 188991811 189591784 188991811 189591784 40 6
2 189591785 190191758 189591785 190191758 44 2
2 190191759 190791732 190191759 190791732 40 9
2 190791733 191391706 190791733 191391706 55 7
2 191391707 191991680 191391707 191991680 42 332
2 191991681 192591654 191991681 192591654 38 11
2 192591655 193191628 192591655 193191628 42 12
2 193191629 193791602 193191629 193791602 20 79
2 193791603 194391576 193791603 194391576 18 3
2 194391577 194991550 194391577 194991550 10 2
2 194991551 195591524 194991551 195591524 31 6
2 195591525 196191498 195591525 196191498 40 11
2 196191499 196791472 196191499 196791472 33 9
2 196791473 197391446 196791473 197391446 42 13
2 197391447 197991420 197391447 197991420 47 23
2 197991421 198591394 197991421 198591394 42 6
2 198591395 199191368 198591395 199191368 45 7
2 199191369 199791342 199191369 199791342 34 410
2 199791343 200391316 199791343 200391316 25 9
2 200391317 200991290 200391317 200991290 58 13
2 200991291 201591264 200991291 201591264 67 9
2 201591265 202191238 201591265 202191238 51 14
2 202191239 202791212 202191239 202791212 53 10
2 202791213 203391186 202791213 203391186 31 7
2 203391187 203991160 203391187 203991160 36 3
2 203991161 204591134 203991161 204591134 66 832
2 204591135 205191108 204591135 205191108 62 4
2 205191109 205791082 205191109 205791082 56 67
2 205791083 206391056 205791083 206391056 66 9
2 206391057 206991030 206391057 206991030 39 12
2 206991031 207591004 206991031 207591004 65 679
2 207591005 208190978 207591005 208190978 65 7
2 208190979 208790952 208190979 208790952 51 9
2 208790953 209390926 208790953 209390926 34 12
2 209390927 209990900 209390927 209990900 44 2
2 209990901 210590874 209990901 210590874 32 6
2 210590875 211190848 210590875 211190848 47 2
2 211190849 211790822 211190849 211790822 51 11
2 211790823 212390796 211790823 212390796 69 12
2 212390797 212990770 212390797 212990770 53 9
2 212990771 213590744 212990771 213590744 61 11
2 213590745 214190718 213590745 214190718 28 5
2 214190719 214790692 214190719 214790692 53 6
2 214790693 215390666 214790693 215390666 68 13
2 215390667 215990640 215390667 215990640 41 11
2 215990641 216590614 215990641 216590614 58 5
2 216590615 217190588 216590615 217190588 66 14
2 217190589 217790562 217190589 217790562 51 14
2 217790563 218390536 217790563 218390536 53 7
2 218390537 218990510 218390537 218990510 47 162
2 218990511 219590484 218990511 219590484 38 72
2 219590485 220190458 219590485 220190458 59 8
2 220190459 220790432 220190459 220790432 69 16
2 220790433 221390406 220790433 221390406 59 17
2 221390407 221990380 221390407 221990380 64 9
2 221990381 222590354 221990381 222590354 57 7
2 222590355 223190328 222590355 223190328 62 7
2 223190329 223790302 223190329 223790302 64 2
2 223790303 224390276 223790303 224390276 42 4
2 224390277 224990250 224390277 224990250 52 7
2 224990251 225590224 224990251 225590224 61 4
2 225590225 226190198 225590225 226190198 45 7
2 226190199 226790172 226190199 226790172 53 4
2 226790173 227390146 226790173 227390146 61 8
2 227390147 227990120 227390147 227990120 70 11
2 227990121 228590094 227990121 228590094 54 13
2 228590095 229190068 228590095 229190068 39 9
2 229190069 229790042 229190069 229790042 50 14
2 229790043 230390016 229790043 230390016 46 8
2 230390017 230989990 230390017 230989990 56 388
2 230989991 231589964 230989991 231589964 49 13
2 231589965 232189938 231589965 232189938 50 5
2 232189939 232789912 232189939 232789912 31 16
2 232789913 233389886 232789913 233389886 57 9
2 233389887 233989860 233389887 233989860 75 412
2 233989861 234589834 233989861 234589834 77 316
2 234589835 235189808 234589835 235189808 74 17
2 235189809 235789782 235189809 235789782 50 4
2 235789783 236389756 235789783 236389756 55 6
2 236389757 236989730 236389757 236989730 52 17
2 236989731 237589704 236989731 237589704 61 9
2 237589705 238189678 237589705 238189678 50 12
2 238189679 238789652 238189679 238789652 49 9
2 238789653 239389626 238789653 239389626 58 6
2 239389627 239989600 239389627 239989600 42 13
2 239989601 240589574 239989601 240589574 43 5
2 240589575 242626206 240589575 242626206 113 276
