3 1 599654 1 599654 57 15
3 599655 1199308 599655 1199308 40 5
3 1199309 1798962 1199309 1798962 66 19
3 1798963 2398616 1798963 2398616 48 9
3 2398617 2998270 2398617 2998270 49 15
3 2998271 3597924 2998271 3597924 54 8
3 3597925 4197578 3597925 4197578 48 15
3 4197579 4797232 4197579 4797232 65 9
3 4797233 5396886 4797233 5396886 33 8
3 5396887 5996540 5396887 5996540 60 10
3 5996541 6596194 5996541 6596194 38 11
3 6596195 7195848 6596195 7195848 38 10
3 7195849 7795502 7195849 7795502 66 15
3 7795503 8395156 7795503 8395156 56 5
3 8395157 8994810 8395157 8994810 52 6
3 8994811 9594464 8994811 9594464 45 8
3 9594465 10194118 9594465 10194118 23 8
3 10194119 10793772 10194119 10793772 59 11
3 10793773 11393426 10793773 11393426 47 11
3 11393427 11993080 11393427 11993080 41 20
3 11993081 12592734 11993081 12592734 46 14
3 12592735 13192388 12592735 13192388 40 6
3 13192389 13792042 13192389 13792042 44 14
3 13792043 14391696 13792043 14391696 46 5
3 14391697 14991350 14391697 14991350 44 17
3 14991351 15591004 14991351 15591004 41 5
3 15591005 16190658 15591005 16190658 36 2
3 16190659 16790312 16190659 16790312 48 18
3 16790313 17389966 16790313 17389966 42 9
3 17389967 17989620 17389967 17989620 15 2
3 17989621 18589274 17989621 18589274 29 31
3 18589275 19188928 18589275 19188928 23 745
3 19188929 19788582 19188929 19788582 23 0
3 19788583 20388236 19788583 20388236 40 6
3 20388237 20987890 20388237 20987890 51 8
3 20987891 21587544 20987891 21587544 45 60
3 21587545 22187198 21587545 22187198 60 33
3 22187199 22786852 22187199 22786852 46 2
3 22786853 23386506 22786853 23386506 32 9
3 23386507 23986160 23386507 23986160 37 4
3 23986161 24585814 23986161 24585814 53 9
3 24585815 25185468 24585815 25185468 64 14
3 25185469 25785122 25185469 25785122 37 6
3 25785123 26384776 25785123 26384776 24 4
3 26384777 26984430 26384777 26984430 38 4
3 26984431 27584084 26984431 27584084 27 3
3 27584085 28183738 27584085 28183738 34 495
3 28183739 28783392 28183739 28783392 41 9
3 28783393 29383046 28783393 29383046 31 8
3 29383047 29982700 29383047 29982700 36 15
3 29982701 30582354 29982701 30582354 30 3
3 30582355 31182008 30582355 31182008 53 7
3 31182009 31781662 31182009 31781662 34 17
3 31781663 32381316 31781663 32381316 37 17
3 32381317 32980970 32381317 32980970 27 109
3 32980971 33580624 32980971 33580624 33 231
3 33580625 34180278 33580625 34180278 41 4
3 34180279 34779932 34180279 34779932 25 6
3 34779933 35379586 34779933 35379586 37 10
3 35379587 35979240 35379587 35979240 39 8
3 35979241 36578894 35979241 36578894 41 13
3 36578895 37178548 36578895 37178548 38 31
3 37178549 37778202 37178549 37778202 49 6
3 37778203 38377856 37778203 38377856 29 6
3 38377857 38977510 38377857 38977510 47 15
3 38977511 39577164 38977511 39577164 46 30
3 39577165 40176818 39577165 40176818 24 4
3 40176819 40776472 40176819 40776472 17 3
3 40776473 41376126 40776473 41376126 25 0
3 41376127 41975780 41376127 41975780 23 8
3 41975781 42575434 41975781 42575434 35 6
3 42575435 43175088 42575435 43175088 43 21
3 43175089 43774742 43175089 43774742 29 7
3 43774743 44374396 43774743 44374396 39 5
3 44374397 44974050 44374397 44974050 24 6
3 44974051 45573704 44974051 45573704 50 9
3 45573705 46173358 45573705 46173358 52 707
3 46173359 46773012 46173359 46773012 34 981
3 46773013 47372666 46773013 47372666 18 22
3 47372667 47972320 47372667 47972320 19 7
3 47972321 48571974 47972321 48571974 24 219
3 48571975 49171628 48571975 49171628 20 475
3 49171629 49771282 49171629 49771282 37 546
3 49771283 50370936 49771283 50370936 31 622
3 50370937 50970590 50370937 50970590 19 870
3 50970591 51570244 50970591 51570244 19 413
3 51570245 52169898 51570245 52169898 15 7
3 52169899 52769552 52169899 52769552 41 23
3 52769553 53369206 52769553 53369206 39 48
3 53369207 53968860 53369207 53968860 35 33
3 53968861 54568514 53968861 54568514 34 11
3 54568515 55168168 54568515 55168168 60 9
3 55168169 55767822 55168169 55767822 55 10
3 55767823 56367476 55767823 56367476 28 9
3 56367477 56967130 56367477 56967130 42 18
3 56967131 57566784 56967131 57566784 41 11
3 57566785 58166438 57566785 58166438 32 109
3 58166439 58766092 58166439 58766092 35 780
3 58766093 59365746 58766093 59365746 33 6
3 59365747 59965400 59365747 59965400 69 8
3 59965401 60565054 59965401 60565054 86 25
3 60565055 61164708 60565055 61164708 63 3
3 61164709 61764362 61164709 61764362 37 25
3 61764363 62364016 61764363 62364016 37 19
3 62364017 62963670 62364017 62963670 57 9
3 62963671 63563324 62963671 63563324 54 12
3 63563325 64162978 63563325 64162978 43 11
3 64162979 64762632 64162979 64762632 53 19
3 64762633 65362286 64762633 65362286 50 14
3 65362287 65961940 65362287 65961940 36 15
3 65961941 66561594 65961941 66561594 16 5
3 66561595 67161248 66561595 67161248 37 8
3 67161249 67760902 67161249 67760902 50 11
3 67760903 68360556 67760903 68360556 23 7
3 68360557 68960210 68360557 68960210 43 10
3 68960211 69559864 68960211 69559864 32 16
3 69559865 70159518 69559865 70159518 34 1
3 70159519 70759172 70159519 70759172 39 35
3 70759173 71358826 70759173 71358826 19 11
3 71358827 71958480 71358827 71958480 51 9
3 71958481 72558134 71958481 72558134 49 8
3 72558135 73157788 72558135 73157788 29 2
3 73157789 73757442 73157789 73757442 47 2
3 73757443 74357096 73757443 74357096 46 7
3 74357097 74956750 74357097 74956750 26 4
3 74956751 75556404 74956751 75556404 16 1
3 75556405 76156058 75556405 76156058 4 3
3 76156059 76755712 76156059 76755712 32 7
3 76755713 77355366 76755713 77355366 23 4
3 77355367 77955020 77355367 77955020 42 5
3 77955021 78554674 77955021 78554674 22 5
3 78554675 79154328 78554675 79154328 34 2
3 79154329 79753982 79154329 79753982 17 0
3 79753983 80353636 79753983 80353636 25 1
3 80353637 80953290 80353637 80953290 28 1
3 80953291 81552944 80953291 81552944 24 1
3 81552945 82152598 81552945 82152598 42 7
3 82152599 82752252 82152599 82752252 35 0
3 82752253 83351906 82752253 83351906 24 2
3 83351907 83951560 83351907 83951560 13 1
3 83951561 84551214 83951561 84551214 34 8
3 84551215 85150868 84551215 85150868 32 4
3 85150869 85750522 85150869 85750522 27 5
3 85750523 86350176 85750523 86350176 31 8
3 86350177 86949830 86350177 86949830 29 5
3 86949831 87549484 86949831 87549484 37 3
3 87549485 88149138 87549485 88149138 28 1
3 88149139 88748792 88149139 88748792 20 2
3 88748793 89348446 88748793 89348446 24 0
3 89348447 89948100 89348447 89948100 22 2
3 89948101 90547754 89948101 90547754 10 4
3 90547755 91147408 90547755 91147408 0 0
3 91147409 91747062 91147409 91747062 0 0
3 91747063 92346716 91747063 92346716 0 0
3 92346717 92946370 92346717 92946370 0 0
3 92946371 93546024 92946371 93546024 0 0
3 93546025 94145678 93546025 94145678 0 0
3 94145679 94745332 94145679 94745332 0 0
3 94745333 95344986 94745333 95344986 12 2
3 95344987 95944640 95344987 95944640 23 5
3 95944641 96544294 95944641 96544294 22 0
3 96544295 97143948 96544295 97143948 24 2
3 97143949 97743602 97143949 97743602 26 2
3 97743603 98343256 97743603 98343256 19 0
3 98343257 98942910 98343257 98942910 13 0
3 98942911 99542564 98942911 99542564 41 4
3 99542565 100142218 99542565 100142218 26 7
3 100142219 100741872 100142219 100741872 33 2
3 100741873 101341526 100741873 101341526 46 3
3 101341527 101941180 101341527 101941180 29 3
3 101941181 102540834 101941181 102540834 56 6
3 102540835 103140488 102540835 103140488 23 8
3 103140489 103740142 103140489 103740142 36 16
3 103740143 104339796 103740143 104339796 31 2
3 104339797 104939450 104339797 104939450 24 2
3 104939451 105539104 104939451 105539104 21 15
3 105539105 106138758 105539105 106138758 42 10
3 106138759 106738412 106138759 106738412 29 7
3 106738413 107338066 106738413 107338066 28 6
3 107338067 107937720 107338067 107937720 47 13
3 107937721 108537374 107937721 108537374 22 8
3 108537375 109137028 108537375 109137028 41 6
3 109137029 109736682 109137029 109736682 38 8
3 109736683 110336336 109736683 110336336 34 17
3 110336337 110935990 110336337 110935990 29 8
3 110935991 111535644 110935991 111535644 31 1
3 111535645 112135298 111535645 112135298 33 8
3 112135299 112734952 112135299 112734952 28 10
3 112734953 113334606 112734953 113334606 54 7
3 113334607 113934260 113334607 113934260 38 4
3 113934261 114533914 113934261 114533914 42 7
3 114533915 115133568 114533915 115133568 28 7
3 115133569 115733222 115133569 115733222 33 11
3 115733223 116332876 115733223 116332876 22 5
3 116332877 116932530 116332877 116932530 26 4
3 116932531 117532184 116932531 117532184 33 6
3 117532185 118131838 117532185 118131838 54 9
3 118131839 118731492 118131839 118731492 44 4
3 118731493 119331146 118731493 119331146 38 8
3 119331147 119930800 119331147 119930800 37 3
3 119930801 120530454 119930801 120530454 39 9
3 120530455 121130108 120530455 121130108 49 477
3 121130109 121729762 121130109 121729762 52 12
3 121729763 122329416 121729763 122329416 28 4
3 122329417 122929070 122329417 122929070 29 4
3 122929071 123528724 122929071 123528724 43 12
3 123528725 124128378 123528725 124128378 41 4
3 124128379 124728032 124128379 124728032 46 5
3 124728033 125327686 124728033 125327686 21 9
3 125327687 125927340 125327687 125927340 51 17
3 125927341 126526994 125927341 126526994 31 10
3 126526995 127126648 126526995 127126648 20 0
3 127126649 127726302 127126649 127726302 49 10
3 127726303 128325956 127726303 128325956 31 11
3 128325957 128925610 128325957 128925610 35 12
3 128925611 129525264 128925611 129525264 34 3
3 129525265 130124918 129525265 130124918 37 5
3 130124919 130724572 130124919 130724572 28 24
3 130724573 131324226 130724573 131324226 26 2
3 131324227 131923880 131324227 131923880 34 2
3 131923881 132523534 131923881 132523534 21 9
3 132523535 133123188 132523535 133123188 36 6
3 133123189 133722842 133123189 133722842 47 13
3 133722843 134322496 133722843 134322496 54 7
3 134322497 134922150 134322497 134922150 26 11
3 134922151 135521804 134922151 135521804 36 8
3 135521805 136121458 135521805 136121458 42 6
3 136121459 136721112 136121459 136721112 55 9
3 136721113 137320766 136721113 137320766 27 1
3 137320767 137920420 137320767 137920420 26 5
3 137920421 138520074 137920421 138520074 40 3
3 138520075 139119728 138520075 139119728 23 9
3 139119729 139719382 139119729 139719382 31 4
3 139719383 140319036 139719383 140319036 27 2
3 140319037 140918690 140319037 140918690 45 5
3 140918691 141518344 140918691 141518344 48 12
3 141518345 142117998 141518345 142117998 50 13
3 142117999 142717652 142117999 142717652 31 13
3 142717653 143317306 142717653 143317306 40 5
3 143317307 143916960 143317307 143916960 25 1
3 143916961 144516614 143916961 144516614 39 10
3 144516615 145116268 144516615 145116268 36 21
3 145116269 145715922 145116269 145715922 23 1
3 145715923 146315576 145715923 146315576 35 2
3 146315577 146915230 146315577 146915230 41 1
3 146915231 147514884 146915231 147514884 42 15
3 147514885 148114538 147514885 148114538 48 11
3 148114539 148714192 148114539 148714192 18 8
3 148714193 149313846 148714193 149313846 20 14
3 149313847 149913500 149313847 149913500 33 6
3 149913501 150513154 149913501 150513154 43 10
3 150513155 151112808 150513155 151112808 43 4
3 151112809 151712462 151112809 151712462 34 9
3 151712463 152312116 151712463 152312116 23 3
3 152312117 152911770 152312117 152911770 52 9
3 152911771 153511424 152911771 153511424 44 4
3 153511425 154111078 153511425 154111078 26 45
3 154111079 154710732 154111079 154710732 28 7
3 154710733 155310386 154710733 155310386 40 20
3 155310387 155910040 155310387 155910040 28 11
3 155910041 156509694 155910041 156509694 18 3
3 156509695 157109348 156509695 157109348 31 7
3 157109349 157709002 157109349 157709002 27 6
3 157709003 158308656 157709003 158308656 43 18
3 158308657 158908310 158308657 158908310 48 6
3 158908311 159507964 158908311 159507964 36 2
3 159507965 160107618 159507965 160107618 45 7
3 160107619 160707272 160107619 160707272 41 21
3 160707273 161306926 160707273 161306926 25 729
3 161306927 161906580 161306927 161906580 33 0
3 161906581 162506234 161906581 162506234 35 104
3 162506235 163105888 162506235 163105888 42 29
3 163105889 163705542 163105889 163705542 38 13
3 163705543 164305196 163705543 164305196 37 4
3 164305197 164904850 164305197 164904850 34 0
3 164904851 165504504 164904851 165504504 36 10
3 165504505 166104158 165504505 166104158 31 9
3 166104159 166703812 166104159 166703812 19 4
3 166703813 167303466 166703813 167303466 20 2
3 167303467 167903120 167303467 167903120 26 3
3 167903121 168502774 167903121 168502774 17 3
3 168502775 169102428 168502775 169102428 44 6
3 169102429 169702082 169102429 169702082 23 6
3 169702083 170301736 169702083 170301736 31 3
3 170301737 170901390 170301737 170901390 36 7
3 170901391 171501044 170901391 171501044 34 11
3 171501045 172100698 171501045 172100698 37 10
3 172100699 172700352 172100699 172700352 28 9
3 172700353 173300006 172700353 173300006 33 5
3 173300007 173899660 173300007 173899660 41 7
3 173899661 174499314 173899661 174499314 29 2
3 174499315 175098968 174499315 175098968 27 1
3 175098969 175698622 175098969 175698622 45 8
3 175698623 176298276 175698623 176298276 38 5
3 176298277 176897930 176298277 176897930 31 10
3 176897931 177497584 176897931 177497584 22 3
3 177497585 178097238 177497585 178097238 34 8
3 178097239 178696892 178097239 178696892 30 2
3 178696893 179296546 178696893 179296546 38 10
3 179296547 179896200 179296547 179896200 30 9
3 179896201 180495854 179896201 180495854 39 4
3 180495855 181095508 180495855 181095508 24 9
3 181095509 181695162 181095509 181695162 34 4
3 181695163 182294816 181695163 182294816 18 15
3 182294817 182894470 182294817 182894470 13 14
3 182894471 183494124 182894471 183494124 9 3
3 183494125 184093778 183494125 184093778 22 5
3 184093779 184693432 184093779 184693432 30 45
3 184693433 185293086 184693433 185293086 43 17
3 185293087 185892740 185293087 185892740 34 17
3 185892741 186492394 185892741 186492394 35 3
3 186492395 187092048 186492395 187092048 30 14
3 187092049 187691702 187092049 187691702 28 8
3 187691703 188291356 187691703 188291356 39 16
3 188291357 188891010 188291357 188891010 44 7
3 188891011 189490664 188891011 189490664 45 10
3 189490665 190090318 189490665 190090318 35 188
3 190090319 190689972 190090319 190689972 32 7
3 190689973 191289626 190689973 191289626 43 14
3 191289627 191889280 191289627 191889280 46 3
3 191889281 192488934 191889281 192488934 36 6
3 192488935 193088588 192488935 193088588 44 6
3 193088589 193688242 193088589 193688242 40 9
3 193688243 194287896 193688243 194287896 30 4
3 194287897 194887550 194287897 194887550 36 4
3 194887551 195487204 194887551 195487204 39 6
3 195487205 196086858 195487205 196086858 30 7
3 196086859 196686512 196086859 196686512 29 5
3 196686513 197286166 196686513 197286166 19 6
3 197286167 197885820 197286167 197885820 28 15
3 197885821 199306150 197885821 199306150 64 9
