4 1 598665 1 598665 19 0
4 598666 1197330 598666 1197330 8 74
4 1197331 1795995 1197331 1795995 12 11
4 1795996 2394660 1795996 2394660 13 4
4 2394661 2993325 2394661 2993325 18 17
4 2993326 3591990 2993326 3591990 15 6
4 3591991 4190655 3591991 4190655 4 2
4 4190656 4789320 4190656 4789320 26 9
4 4789321 5387985 4789321 5387985 31 19
4 5387986 5986650 5387986 5986650 28 19
4 5986651 6585315 5986651 6585315 31 27
4 6585316 7183980 6585316 7183980 18 7
4 7183981 7782645 7183981 7782645 32 22
4 7782646 8381310 7782646 8381310 24 22
4 8381311 8979975 8381311 8979975 14 15
4 8979976 9578640 8979976 9578640 14 5
4 9578641 10177305 9578641 10177305 36 6
4 10177306 10775970 10177306 10775970 28 4
4 10775971 11374635 10775971 11374635 34 2
4 11374636 11973300 11374636 11973300 20 4
4 11973301 12571965 11973301 12571965 31 2
4 12571966 13170630 12571966 13170630 27 6
4 13170631 13769295 13170631 13769295 24 10
4 13769296 14367960 13769296 14367960 32 6
4 14367961 14966625 14367961 14966625 30 19
4 14966626 15565290 14966626 15565290 25 54
4 15565291 16163955 15565291 16163955 39 19
4 16163956 16762620 16163956 16762620 34 9
4 16762621 17361285 16762621 17361285 29 3
4 17361286 17959950 17361286 17959950 17 8
4 17959951 18558615 17959951 18558615 24 9
4 18558616 19157280 18558616 19157280 17 5
4 19157281 19755945 19157281 19755945 11 0
4 19755946 20354610 19755946 20354610 20 4
4 20354611 20953275 20354611 20953275 33 7
4 20953276 21551940 20953276 21551940 30 8
4 21551941 22150605 21551941 22150605 21 10
4 22150606 22749270 22150606 22749270 17 6
4 22749271 23347935 22749271 23347935 15 5
4 23347936 23946600 23347936 23946600 34 16
4 23946601 24545265 23946601 24545265 16 5
4 24545266 25143930 24545266 25143930 26 11
4 25143931 25742595 25143931 25742595 25 239
4 25742596 26341260 25742596 26341260 11 9
4 26341261 26939925 26341261 26939925 19 6
4 26939926 27538590 26939926 27538590 24 12
4 27538591 28137255 27538591 28137255 21 3
4 28137256 28735920 28137256 28735920 19 9
4 28735921 29334585 28735921 29334585 13 5
4 29334586 29933250 29334586 29933250 13 1
4 29933251 30531915 29933251 30531915 22 10
4 30531916 31130580 30531916 31130580 18 3
4 31130581 31729245 31130581 31729245 23 5
4 31729246 32327910 31729246 32327910 18 3
4 32327911 32926575 32327911 32926575 5 11
4 32926576 33525240 32926576 33525240 12 4
4 33525241 34123905 33525241 34123905 11 1
4 34123906 34722570 34123906 34722570 22 8
4 34722571 35321235 34722571 35321235 12 7
4 35321236 35919900 35321236 35919900 13 5
4 35919901 36518565 35919901 36518565 23 10
4 36518566 37117230 36518566 37117230 28 31
4 37117231 37715895 37117231 37715895 32 17
4 37715896 38314560 37715896 38314560 26 25
4 38314561 38913225 38314561 38913225 28 19
4 38913226 39511890 38913226 39511890 15 6
4 39511891 40110555 39511891 40110555 19 4
4 40110556 40709220 40110556 40709220 21 14
4 40709221 41307885 40709221 41307885 21 4
4 41307886 41906550 41307886 41906550 16 7
4 41906551 42505215 41906551 42505215 27 3
4 42505216 43103880 42505216 43103880 24 9
4 43103881 43702545 43103881 43702545 17 6
4 43702546 44301210 43702546 44301210 17 2
4 44301211 44899875 44301211 44899875 22 5
4 44899876 45498540 44899876 45498540 13 0
4 45498541 46097205 45498541 46097205 15 7
4 46097206 46695870 46097206 46695870 11 31
4 46695871 47294535 46695871 47294535 24 99
4 47294536 47893200 47294536 47893200 20 96
4 47893201 48491865 47893201 48491865 17 69
4 48491866 49090530 48491866 49090530 10 1
4 49090531 49689195 49090531 49689195 0 0
4 49689196 50287860 49689196 50287860 0 0
4 50287861 50886525 50287861 50886525 0 0
4 50886526 51485190 50886526 51485190 0 0
4 51485191 52083855 51485191 52083855 0 0
4 52083856 52682520 52083856 52682520 4 6
4 52682521 53281185 52682521 53281185 16 2
4 53281186 53879850 53281186 53879850 14 3
4 53879851 54478515 53879851 54478515 30 10
4 54478516 55077180 54478516 55077180 19 1
4 55077181 55675845 55077181 55675845 29 14
4 55675846 56274510 55675846 56274510 19 5
4 56274511 56873175 56274511 56873175 20 6
4 56873176 57471840 56873176 57471840 8 4
4 57471841 58070505 57471841 58070505 25 11
4 58070506 58669170 58070506 58669170 17 8
4 58669171 59267835 58669171 59267835 20 3
4 59267836 59866500 59267836 59866500 12 16
4 59866501 60465165 59866501 60465165 12 5
4 60465166 61063830 60465166 61063830 17 5
4 61063831 61662495 61063831 61662495 18 2
4 61662496 62261160 61662496 62261160 15 3
4 62261161 62859825 62261161 62859825 23 5
4 62859826 63458490 62859826 63458490 12 4
4 63458491 64057155 63458491 64057155 6 4
4 64057156 64655820 64057156 64655820 11 0
4 64655821 65254485 64655821 65254485 25 2
4 65254486 65853150 65254486 65853150 18 8
4 65853151 66451815 65853151 66451815 24 17
4 66451816 67050480 66451816 67050480 22 7
4 67050481 67649145 67050481 67649145 18 9
4 67649146 68247810 67649146 68247810 17 7
4 68247811 68846475 68247811 68846475 15 5
4 68846476 69445140 68846476 69445140 2 0
4 69445141 70043805 69445141 70043805 18 5
4 70043806 70642470 70043806 70642470 26 15
4 70642471 71241135 70642471 71241135 29 10
4 71241136 71839800 71241136 71839800 11 4
4 71839801 72438465 71839801 72438465 10 4
4 72438466 73037130 72438466 73037130 16 8
4 73037131 73635795 73037131 73635795 12 2
4 73635796 74234460 73635796 74234460 18 5
4 74234461 74833125 74234461 74833125 12 3
4 74833126 75431790 74833126 75431790 18 9
4 75431791 76030455 75431791 76030455 24 2
4 76030456 76629120 76030456 76629120 23 4
4 76629121 77227785 76629121 77227785 19 12
4 77227786 77826450 77227786 77826450 30 36
4 77826451 78425115 77826451 78425115 27 12
4 78425116 79023780 78425116 79023780 28 3
4 79023781 79622445 79023781 79622445 23 6
4 79622446 80221110 79622446 80221110 19 4
4 80221111 80819775 80221111 80819775 12 3
4 80819776 81418440 80819776 81418440 11 13
4 81418441 82017105 81418441 82017105 6 1
4 82017106 82615770 82017106 82615770 17 4
4 82615771 83214435 82615771 83214435 31 8
4 83214436 83813100 83214436 83813100 24 5
4 83813101 84411765 83813101 84411765 19 5
4 84411766 85010430 84411766 85010430 17 5
4 85010431 85609095 85010431 85609095 23 8
4 85609096 86207760 85609096 86207760 11 4
4 86207761 86806425 86207761 86806425 24 2
4 86806426 87405090 86806426 87405090 32 8
4 87405091 88003755 87405091 88003755 19 4
4 88003756 88602420 88003756 88602420 16 5
4 88602421 89201085 88602421 89201085 39 11
4 89201086 89799750 89201086 89799750 13 12
4 89799751 90398415 89799751 90398415 28 5
4 90398416 90997080 90398416 90997080 19 26
4 90997081 91595745 90997081 91595745 12 9
4 91595746 92194410 91595746 92194410 23 2
4 92194411 92793075 92194411 92793075 14 2
4 92793076 93391740 92793076 93391740 5 0
4 93391741 93990405 93391741 93990405 15 6
4 93990406 94589070 93990406 94589070 13 1
4 94589071 95187735 94589071 95187735 26 5
4 95187736 95786400 95187736 95786400 14 4
4 95786401 96385065 95786401 96385065 24 5
4 96385066 96983730 96385066 96983730 35 12
4 96983731 97582395 96983731 97582395 15 8
4 97582396 98181060 97582396 98181060 18 0
4 98181061 98779725 98181061 98779725 11 0
4 98779726 99378390 98779726 99378390 21 0
4 99378391 99977055 99378391 99977055 9 8
4 99977056 100575720 99977056 100575720 29 4
4 100575721 101174385 100575721 101174385 31 15
4 101174386 101773050 101174386 101773050 28 9
4 101773051 102371715 101773051 102371715 27 7
4 102371716 102970380 102371716 102970380 21 126
4 102970381 103569045 102970381 103569045 25 666
4 103569046 104167710 103569046 104167710 10 24
4 104167711 104766375 104167711 104766375 10 6
4 104766376 105365040 104766376 105365040 7 8
4 105365041 105963705 105365041 105963705 16 5
4 105963706 106562370 105963706 106562370 20 12
4 106562371 107161035 106562371 107161035 19 15
4 107161036 107759700 107161036 107759700 18 9
4 107759701 108358365 107759701 108358365 9 7
4 108358366 108957030 108358366 108957030 16 8
4 108957031 109555695 108957031 109555695 19 8
4 109555696 110154360 109555696 110154360 18 8
4 110154361 110753025 110154361 110753025 22 9
4 110753026 111351690 110753026 111351690 19 11
4 111351691 111950355 111351691 111950355 23 17
4 111950356 112549020 111950356 112549020 15 7
4 112549021 113147685 112549021 113147685 14 4
4 113147686 113746350 113147686 113746350 24 11
4 113746351 114345015 113746351 114345015 16 4
4 114345016 114943680 114345016 114943680 26 11
4 114943681 115542345 114943681 115542345 16 3
4 115542346 116141010 115542346 116141010 17 18
4 116141011 116739675 116141011 116739675 19 1
4 116739676 117338340 116739676 117338340 15 2
4 117338341 117937005 117338341 117937005 13 1
4 117937006 118535670 117937006 118535670 19 1
4 118535671 119134335 118535671 119134335 20 149
4 119134336 119733000 119134336 119733000 14 5
4 119733001 120331665 119733001 120331665 17 14
4 120331666 120930330 120331666 120930330 22 8
4 120930331 121528995 120930331 121528995 24 1
4 121528996 122127660 121528996 122127660 19 4
4 122127661 122726325 122127661 122726325 36 16
4 122726326 123324990 122726326 123324990 24 697
4 123324991 123923655 123324991 123923655 9 1492
4 123923656 124522320 123923656 124522320 25 5
4 124522321 125120985 124522321 125120985 24 6
4 125120986 125719650 125120986 125719650 14 3
4 125719651 126318315 125719651 126318315 31 8
4 126318316 126916980 126318316 126916980 19 15
4 126916981 127515645 126916981 127515645 19 9
4 127515646 128114310 127515646 128114310 25 4
4 128114311 128712975 128114311 128712975 22 4
4 128712976 129311640 128712976 129311640 11 2
4 129311641 129910305 129311641 129910305 12 2
4 129910306 130508970 129910306 130508970 17 11
4 130508971 131107635 130508971 131107635 17 9
4 131107636 131706300 131107636 131706300 19 4
4 131706301 132304965 131706301 132304965 18 6
4 132304966 132903630 132304966 132903630 14 12
4 132903631 133502295 132903631 133502295 10 13
4 133502296 134100960 133502296 134100960 21 35
4 134100961 134699625 134100961 134699625 15 8
4 134699626 135298290 134699626 135298290 13 6
4 135298291 135896955 135298291 135896955 19 1
4 135896956 136495620 135896956 136495620 17 1
4 136495621 137094285 136495621 137094285 23 2
4 137094286 137692950 137094286 137692950 10 7
4 137692951 138291615 137692951 138291615 25 3
4 138291616 138890280 138291616 138890280 11 16
4 138890281 139488945 138890281 139488945 19 7
4 139488946 140087610 139488946 140087610 18 1
4 140087611 140686275 140087611 140686275 14 2
4 140686276 141284940 140686276 141284940 21 5
4 141284941 141883605 141284941 141883605 16 2
4 141883606 142482270 141883606 142482270 21 2
4 142482271 143080935 142482271 143080935 22 5
4 143080936 143679600 143080936 143679600 24 12
4 143679601 144278265 143679601 144278265 12 0
4 144278266 144876930 144278266 144876930 20 4
4 144876931 145475595 144876931 145475595 7 0
4 145475596 146074260 145475596 146074260 11 14
4 146074261 146672925 146074261 146672925 11 1
4 146672926 147271590 146672926 147271590 22 5
4 147271591 147870255 147271591 147870255 11 6
4 147870256 148468920 147870256 148468920 21 2
4 148468921 149067585 148468921 149067585 13 16
4 149067586 149666250 149067586 149666250 27 4
4 149666251 150264915 149666251 150264915 25 6
4 150264916 150863580 150264916 150863580 7 1
4 150863581 151462245 150863581 151462245 24 7
4 151462246 152060910 151462246 152060910 23 4
4 152060911 152659575 152060911 152659575 17 3
4 152659576 153258240 152659576 153258240 21 7
4 153258241 153856905 153258241 153856905 11 8
4 153856906 154455570 153856906 154455570 20 8
4 154455571 155054235 154455571 155054235 26 10
4 155054236 155652900 155054236 155652900 17 15
4 155652901 156251565 155652901 156251565 17 20
4 156251566 156850230 156251566 156850230 16 10
4 156850231 157448895 156850231 157448895 27 12
4 157448896 158047560 157448896 158047560 21 6
4 158047561 158646225 158047561 158646225 25 6
4 158646226 159244890 158646226 159244890 15 2
4 159244891 159843555 159244891 159843555 14 5
4 159843556 160442220 159843556 160442220 12 2
4 160442221 161040885 160442221 161040885 23 0
4 161040886 161639550 161040886 161639550 17 5
4 161639551 162238215 161639551 162238215 19 6
4 162238216 162836880 162238216 162836880 19 1
4 162836881 163435545 162836881 163435545 22 3
4 163435546 164034210 163435546 164034210 20 10
4 164034211 164632875 164034211 164632875 11 8
4 164632876 165231540 164632876 165231540 20 6
4 165231541 165830205 165231541 165830205 15 3
4 165830206 166428870 165830206 166428870 18 9
4 166428871 167027535 166428871 167027535 25 14
4 167027536 167626200 167027536 167626200 12 9
4 167626201 168224865 167626201 168224865 16 8
4 168224866 168823530 168224866 168823530 15 10
4 168823531 169422195 168823531 169422195 10 9
4 169422196 170020860 169422196 170020860 37 9
4 170020861 170619525 170020861 170619525 15 8
4 170619526 171218190 170619526 171218190 22 2
4 171218191 171816855 171218191 171816855 23 5
4 171816856 172415520 171816856 172415520 18 2
4 172415521 173014185 172415521 173014185 15 7
4 173014186 173612850 173014186 173612850 19 3
4 173612851 174211515 173612851 174211515 16 7
4 174211516 174810180 174211516 174810180 6 2
4 174810181 175408845 174810181 175408845 15 3
4 175408846 176007510 175408846 176007510 17 2
4 176007511 176606175 176007511 176606175 12 6
4 176606176 177204840 176606176 177204840 10 10
4 177204841 177803505 177204841 177803505 22 12
4 177803506 178402170 177803506 178402170 15 6
4 178402171 179000835 178402171 179000835 29 7
4 179000836 179599500 179000836 179599500 14 5
4 179599501 180198165 179599501 180198165 22 4
4 180198166 180796830 180198166 180796830 32 8
4 180796831 181395495 180796831 181395495 25 10
4 181395496 181994160 181395496 181994160 30 6
4 181994161 182592825 181994161 182592825 27 10
4 182592826 183191490 182592826 183191490 35 4
4 183191491 183790155 183191491 183790155 33 14
4 183790156 184388820 183790156 184388820 19 5
4 184388821 184987485 184388821 184987485 21 6
4 184987486 185586150 184987486 185586150 26 36
4 185586151 186184815 185586151 186184815 17 22
4 186184816 186783480 186184816 186783480 7 3
4 186783481 187382145 186783481 187382145 20 11
4 187382146 187980810 187382146 187980810 20 18
4 187980811 188579475 187980811 188579475 16 17
4 188579476 189178140 188579476 189178140 16 12
4 189178141 189776805 189178141 189776805 19 12
4 189776806 191106267 189776806 191106267 44 12
