5 1 599320 1 599320 32 189
5 599321 1198640 599321 1198640 15 404
5 1198641 1797960 1198641 1797960 32 21
5 1797961 2397280 1797961 2397280 43 10
5 2397281 2996600 2397281 2996600 69 21
5 2996601 3595920 2996601 3595920 86 9
5 3595921 4195240 3595921 4195240 53 12
5 4195241 4794560 4195241 4794560 46 26
5 4794561 5393880 4794561 5393880 61 15
5 5393881 5993200 5393881 5993200 69 8
5 5993201 6592520 5993201 6592520 59 10
5 6592521 7191840 6592521 7191840 55 9
5 7191841 7791160 7191841 7791160 49 3
5 7791161 8390480 7791161 8390480 67 38
5 8390481 8989800 8390481 8989800 56 3
5 8989801 9589120 8989801 9589120 66 7
5 9589121 10188440 9589121 10188440 73 12
5 10188441 10787760 10188441 10787760 60 30
5 10787761 11387080 10787761 11387080 73 15
5 11387081 11986400 11387081 11986400 43 14
5 11986401 12585720 11986401 12585720 38 0
5 12585721 13185040 12585721 13185040 28 1
5 13185041 13784360 13185041 13784360 56 10
5 13784361 14383680 13784361 14383680 65 12
5 14383681 14983000 14383681 14983000 46 5
5 14983001 15582320 14983001 15582320 19 3
5 15582321 16181640 15582321 16181640 50 8
5 16181641 16780960 16181641 16780960 55 8
5 16780961 17380280 16780961 17380280 26 12
5 17380281 17979600 17380281 17979600 12 1
5 17979601 18578920 17979601 18578920 44 8
5 18578921 19178240 18578921 19178240 37 9
5 19178241 19777560 19178241 19777560 40 3
5 19777561 20376880 19777561 20376880 37 0
5 20376881 20976200 20376881 20976200 27 6
5 20976201 21575520 20976201 21575520 17 3
5 21575521 22174840 21575521 22174840 48 2
5 22174841 22774160 22174841 22774160 44 4
5 22774161 23373480 22774161 23373480 43 2
5 23373481 23972800 23373481 23972800 36 4
5 23972801 24572120 23972801 24572120 32 6
5 24572121 25171440 24572121 25171440 31 7
5 25171441 25770760 25171441 25770760 33 9
5 25770761 26370080 25770761 26370080 29 4
5 26370081 26969400 26370081 26969400 33 4
5 26969401 27568720 26969401 27568720 20 1
5 27568721 28168040 27568721 28168040 22 12
5 28168041 28767360 28168041 28767360 37 4
5 28767361 29366680 28767361 29366680 29 5
5 29366681 29966000 29366681 29966000 42 9
5 29966001 30565320 29966001 30565320 25 4
5 30565321 31164640 30565321 31164640 54 14
5 31164641 31763960 31164641 31763960 64 10
5 31763961 32363280 31763961 32363280 51 8
5 32363281 32962600 32363281 32962600 54 4
5 32962601 33561920 32962601 33561920 41 6
5 33561921 34161240 33561921 34161240 63 9
5 34161241 34760560 34161241 34760560 30 6
5 34760561 35359880 34760561 35359880 52 11
5 35359881 35959200 35359881 35959200 57 396
5 35959201 36558520 35959201 36558520 46 253
5 36558521 37157840 36558521 37157840 33 8
5 37157841 37757160 37157841 37757160 27 0
5 37757161 38356480 37757161 38356480 54 7
5 38356481 38955800 38356481 38955800 44 10
5 38955801 39555120 38955801 39555120 52 10
5 39555121 40154440 39555121 40154440 45 7
5 40154441 40753760 40154441 40753760 44 1143
5 40753761 41353080 40753761 41353080 68 33
5 41353081 41952400 41353081 41952400 43 7
5 41952401 42551720 41952401 42551720 33 3
5 42551721 43151040 42551721 43151040 38 17
5 43151041 43750360 43151041 43750360 30 0
5 43750361 44349680 43750361 44349680 20 6
5 44349681 44949000 44349681 44949000 29 0
5 44949001 45548320 44949001 45548320 15 2
5 45548321 46147640 45548321 46147640 21 3
5 46147641 46746960 46147641 46746960 1 1
5 46746961 47346280 46746961 47346280 0 0
5 47346281 47945600 47346281 47945600 0 0
5 47945601 48544920 47945601 48544920 0 0
5 48544921 49144240 48544921 49144240 0 0
5 49144241 49743560 49144241 49743560 6 0
5 49743561 50342880 49743561 50342880 36 3
5 50342881 50942200 50342881 50942200 34 8
5 50942201 51541520 50942201 51541520 31 3
5 51541521 52140840 51541521 52140840 60 4
5 52140841 52740160 52140841 52740160 68 17
5 52740161 53339480 52740161 53339480 46 15
5 53339481 53938800 53339481 53938800 64 11
5 53938801 54538120 53938801 54538120 69 13
5 54538121 55137440 54538121 55137440 31 7
5 55137441 55736760 55137441 55736760 37 111
5 55736761 56336080 55736761 56336080 65 7
5 56336081 56935400 56336081 56935400 39 8
5 56935401 57534720 56935401 57534720 57 9
5 57534721 58134040 57534721 58134040 59 9
5 58134041 58733360 58134041 58733360 70 8
5 58733361 59332680 58733361 59332680 45 11
5 59332681 59932000 59332681 59932000 32 10
5 59932001 60531320 59932001 60531320 35 14
5 60531321 61130640 60531321 61130640 41 8
5 61130641 61729960 61130641 61729960 37 3
5 61729961 62329280 61729961 62329280 51 10
5 62329281 62928600 62329281 62928600 44 12
5 62928601 63527920 62928601 63527920 31 3
5 63527921 64127240 63527921 64127240 45 5
5 64127241 64726560 64127241 64726560 49 20
5 64726561 65325880 64726561 65325880 55 4
5 65325881 65925200 65325881 65925200 39 3
5 65925201 66524520 65925201 66524520 62 13
5 66524521 67123840 66524521 67123840 42 9
5 67123841 67723160 67123841 67723160 64 79
5 67723161 68322480 67723161 68322480 33 1
5 68322481 68921800 68322481 68921800 25 2
5 68921801 69521120 68921801 69521120 0 0
5 69521121 70120440 69521121 70120440 0 0
5 70120441 70719760 70120441 70719760 0 1
5 70719761 71319080 70719761 71319080 33 7
5 71319081 71918400 71319081 71918400 54 15
5 71918401 72517720 71918401 72517720 41 62
5 72517721 73117040 72517721 73117040 53 206
5 73117041 73716360 73117041 73716360 82 5
5 73716361 74315680 73716361 74315680 43 6
5 74315681 74915000 74315681 74915000 31 10
5 74915001 75514320 74915001 75514320 59 3
5 75514321 76113640 75514321 76113640 53 9
5 76113641 76712960 76113641 76712960 47 6
5 76712961 77312280 76712961 77312280 54 8
5 77312281 77911600 77312281 77911600 43 8
5 77911601 78510920 77911601 78510920 51 8
5 78510921 79110240 78510921 79110240 40 1
5 79110241 79709560 79110241 79709560 74 13
5 79709561 80308880 79709561 80308880 39 6
5 80308881 80908200 80308881 80908200 45 15
5 80908201 81507520 80908201 81507520 32 17
5 81507521 82106840 81507521 82106840 48 12
5 82106841 82706160 82106841 82706160 42 4
5 82706161 83305480 82706161 83305480 45 10
5 83305481 83904800 83305481 83904800 23 1
5 83904801 84504120 83904801 84504120 40 3
5 84504121 85103440 84504121 85103440 46 2
5 85103441 85702760 85103441 85702760 40 9
5 85702761 86302080 85702761 86302080 20 6
5 86302081 86901400 86302081 86901400 27 6
5 86901401 87500720 86901401 87500720 32 1
5 87500721 88100040 87500721 88100040 30 4
5 88100041 88699360 88100041 88699360 28 8
5 88699361 89298680 88699361 89298680 29 2
5 89298681 89898000 89298681 89898000 40 5
5 89898001 90497320 89898001 90497320 42 5
5 90497321 91096640 90497321 91096640 36 1
5 91096641 91695960 91096641 91695960 26 4
5 91695961 92295280 91695961 92295280 25 7
5 92295281 92894600 92295281 92894600 24 1
5 92894601 93493920 92894601 93493920 30 4
5 93493921 94093240 93493921 94093240 35 4
5 94093241 94692560 94093241 94692560 55 10
5 94692561 95291880 94692561 95291880 57 14
5 95291881 95891200 95291881 95891200 36 6
5 95891201 96490520 95891201 96490520 61 1331
5 96490521 97089840 96490521 97089840 23 9
5 97089841 97689160 97089841 97689160 27 6
5 97689161 98288480 97689161 98288480 32 5
5 98288481 98887800 98288481 98887800 31 7
5 98887801 99487120 98887801 99487120 29 3
5 99487121 100086440 99487121 100086440 28 10
5 100086441 100685760 100086441 100685760 35 8
5 100685761 101285080 100685761 101285080 34 5
5 101285081 101884400 101285081 101884400 34 9
5 101884401 102483720 101884401 102483720 43 680
5 102483721 103083040 102483721 103083040 30 500
5 103083041 103682360 103083041 103682360 53 18
5 103682361 104281680 103682361 104281680 41 2
5 104281681 104881000 104281681 104881000 28 7
5 104881001 105480320 104881001 105480320 25 5
5 105480321 106079640 105480321 106079640 31 4
5 106079641 106678960 106079641 106678960 33 8
5 106678961 107278280 106678961 107278280 78 16
5 107278281 107877600 107278281 107877600 48 7
5 107877601 108476920 107877601 108476920 34 5
5 108476921 109076240 108476921 109076240 58 12
5 109076241 109675560 109076241 109675560 32 4
5 109675561 110274880 109675561 110274880 44 2
5 110274881 110874200 110274881 110874200 42 3
5 110874201 111473520 110874201 111473520 56 17
5 111473521 112072840 111473521 112072840 44 17
5 112072841 112672160 112072841 112672160 54 12
5 112672161 113271480 112672161 113271480 57 7
5 113271481 113870800 113271481 113870800 53 6
5 113870801 114470120 113870801 114470120 43 15
5 114470121 115069440 114470121 115069440 41 7
5 115069441 115668760 115069441 115668760 46 5
5 115668761 116268080 115668761 116268080 60 17
5 116268081 116867400 116268081 116867400 51 13
5 116867401 117466720 116867401 117466720 46 1
5 117466721 118066040 117466721 118066040 49 5
5 118066041 118665360 118066041 118665360 42 2
5 118665361 119264680 118665361 119264680 40 7
5 119264681 119864000 119264681 119864000 32 4
5 119864001 120463320 119864001 120463320 62 4
5 120463321 121062640 120463321 121062640 50 6
5 121062641 121661960 121062641 121661960 29 1
5 121661961 122261280 121661961 122261280 46 5
5 122261281 122860600 122261281 122860600 59 10
5 122860601 123459920 122860601 123459920 45 6
5 123459921 124059240 123459921 124059240 60 10
5 124059241 124658560 124059241 124658560 56 10
5 124658561 125257880 124658561 125257880 55 7
5 125257881 125857200 125257881 125857200 61 4
5 125857201 126456520 125857201 126456520 27 8
5 126456521 127055840 126456521 127055840 39 12
5 127055841 127655160 127055841 127655160 37 2
5 127655161 128254480 127655161 128254480 43 6
5 128254481 128853800 128254481 128853800 55 11
5 128853801 129453120 128853801 129453120 40 8
5 129453121 130052440 129453121 130052440 19 19
5 130052441 130651760 130052441 130651760 32 6
5 130651761 131251080 130651761 131251080 26 2
5 131251081 131850400 131251081 131850400 63 884
5 131850401 132449720 131850401 132449720 21 550
5 132449721 133049040 132449721 133049040 51 18
5 133049041 133648360 133049041 133648360 55 19
5 133648361 134247680 133648361 134247680 26 12
5 134247681 134847000 134247681 134847000 60 18
5 134847001 135446320 134847001 135446320 69 59
5 135446321 136045640 135446321 136045640 38 4
5 136045641 136644960 136045641 136644960 49 14
5 136644961 137244280 136644961 137244280 46 6
5 137244281 137843600 137244281 137843600 31 6
5 137843601 138442920 137843601 138442920 27 4
5 138442921 139042240 138442921 139042240 24 8
5 139042241 139641560 139042241 139641560 17 9
5 139641561 140240880 139641561 140240880 39 10
5 140240881 140840200 140240881 140840200 56 12
5 140840201 141439520 140840201 141439520 59 86
5 141439521 142038840 141439521 142038840 40 424
5 142038841 142638160 142038841 142638160 48 6
5 142638161 143237480 142638161 143237480 58 11
5 143237481 143836800 143237481 143836800 43 5
5 143836801 144436120 143836801 144436120 34 6
5 144436121 145035440 144436121 145035440 53 6
5 145035441 145634760 145035441 145634760 39 8
5 145634761 146234080 145634761 146234080 52 3
5 146234081 146833400 146234081 146833400 33 4
5 146833401 147432720 146833401 147432720 46 7
5 147432721 148032040 147432721 148032040 37 10
5 148032041 148631360 148032041 148631360 62 15
5 148631361 149230680 148631361 149230680 53 12
5 149230681 149830000 149230681 149830000 58 240
5 149830001 150429320 149830001 150429320 46 1001
5 150429321 151028640 150429321 151028640 72 164
5 151028641 151627960 151028641 151627960 49 4
5 151627961 152227280 151627961 152227280 53 2
5 152227281 152826600 152227281 152826600 45 5
5 152826601 153425920 152826601 153425920 68 3
5 153425921 154025240 153425921 154025240 56 16
5 154025241 154624560 154025241 154624560 33 5
5 154624561 155223880 154624561 155223880 59 6
5 155223881 155823200 155223881 155823200 36 10
5 155823201 156422520 155823201 156422520 42 7
5 156422521 157021840 156422521 157021840 58 14
5 157021841 157621160 157021841 157621160 67 13
5 157621161 158220480 157621161 158220480 61 11
5 158220481 158819800 158220481 158819800 45 654
5 158819801 159419120 158819801 159419120 49 12
5 159419121 160018440 159419121 160018440 53 401
5 160018441 160617760 160018441 160617760 57 7
5 160617761 161217080 160617761 161217080 32 6
5 161217081 161816400 161217081 161816400 35 1
5 161816401 162415720 161816401 162415720 31 12
5 162415721 163015040 162415721 163015040 46 7
5 163015041 163614360 163015041 163614360 52 2
5 163614361 164213680 163614361 164213680 30 5
5 164213681 164813000 164213681 164813000 46 4
5 164813001 165412320 164813001 165412320 29 3
5 165412321 166011640 165412321 166011640 41 6
5 166011641 166610960 166011641 166610960 42 4
5 166610961 167210280 166610961 167210280 34 14
5 167210281 167809600 167210281 167809600 52 9
5 167809601 168408920 167809601 168408920 62 35
5 168408921 169008240 168408921 169008240 66 7
5 169008241 169607560 169008241 169607560 90 13
5 169607561 170206880 169607561 170206880 65 17
5 170206881 170806200 170206881 170806200 35 4
5 170806201 171405520 170806201 171405520 35 7
5 171405521 172004840 171405521 172004840 63 21
5 172004841 172604160 172004841 172604160 55 9
5 172604161 173203480 172604161 173203480 70 153
5 173203481 173802800 173203481 173802800 55 654
5 173802801 174402120 173802801 174402120 40 17
5 174402121 175001440 174402121 175001440 51 12
5 175001441 175600760 175001441 175600760 20 4
5 175600761 176200080 175600761 176200080 33 8
5 176200081 176799400 176200081 176799400 32 13
5 176799401 177398720 176799401 177398720 7 2
5 177398721 177998040 177398721 177998040 33 18
5 177998041 178597360 177998041 178597360 59 9
5 178597361 180512665 178597361 180512665 90 29
