6 1 598109 1 598109 59 273
6 598110 1196218 598110 1196218 99 12
6 1196219 1794327 1196219 1794327 90 16
6 1794328 2392436 1794328 2392436 55 6
6 2392437 2990545 2392437 2990545 122 20
6 2990546 3588654 2990546 3588654 63 22
6 3588655 4186763 3588655 4186763 78 19
6 4186764 4784872 4186764 4784872 89 11
6 4784873 5382981 4784873 5382981 117 5
6 5382982 5981090 5382982 5981090 73 7
6 5981091 6579199 5981091 6579199 127 12
6 6579200 7177308 6579200 7177308 94 21
6 7177309 7775417 7177309 7775417 106 11
6 7775418 8373526 7775418 8373526 97 0
6 8373527 8971635 8373527 8971635 47 5
6 8971636 9569744 8971636 9569744 42 3
6 9569745 10167853 9569745 10167853 73 5
6 10167854 10765962 10167854 10765962 69 2
6 10765963 11364071 10765963 11364071 72 6
6 11364072 11962180 11364072 11962180 80 11
6 11962181 12560289 11962181 12560289 101 16
6 12560290 13158398 12560290 13158398 66 8
6 13158399 13756507 13158399 13756507 96 12
6 13756508 14354616 13756508 14354616 77 30
6 14354617 14952725 14354617 14952725 81 26
6 14952726 15550834 14952726 15550834 58 12
6 15550835 16148943 15550835 16148943 84 6
6 16148944 16747052 16148944 16747052 77 22
6 16747053 17345161 16747053 17345161 78 38
6 17345162 17943270 17345162 17943270 51 5
6 17943271 18541379 17943271 18541379 94 15
6 18541380 19139488 18541380 19139488 95 5
6 19139489 19737597 19139489 19737597 75 14
6 19737598 20335706 19737598 20335706 74 15
6 20335707 20933815 20335707 20933815 67 967
6 20933816 21531924 20933816 21531924 86 26
6 21531925 22130033 21531925 22130033 59 9
6 22130034 22728142 22130034 22728142 94 14
6 22728143 23326251 22728143 23326251 88 11
6 23326252 23924360 23326252 23924360 82 7
6 23924361 24522469 23924361 24522469 91 10
6 24522470 25120578 24522470 25120578 112 18
6 25120579 25718687 25120579 25718687 114 37
6 25718688 26316796 25718688 26316796 103 76
6 26316797 26914905 26316797 26914905 80 58
6 26914906 27513014 26914906 27513014 58 29
6 27513015 28111123 27513015 28111123 57 76
6 28111124 28709232 28111124 28709232 96 128
6 28709233 29307341 28709233 29307341 82 184
6 29307342 29905450 29307342 29905450 188 707
6 29905451 30503559 29905451 30503559 280 2530
6 30503560 31101668 30503560 31101668 161 1073
6 31101669 31699777 31101669 31699777 277 1122
6 31699778 32297886 31699778 32297886 125 518
6 32297887 32895995 32297887 32895995 251 1011
6 32895996 33494104 32895996 33494104 216 779
6 33494105 34092213 33494105 34092213 94 141
6 34092214 34690322 34092214 34690322 49 187
6 34690323 35288431 34690323 35288431 71 1063
6 35288432 35886540 35288432 35886540 70 259
6 35886541 36484649 35886541 36484649 76 24
6 36484650 37082758 36484650 37082758 99 12
6 37082759 37680867 37082759 37680867 75 11
6 37680868 38278976 37680868 38278976 77 8
6 38278977 38877085 38278977 38877085 66 19
6 38877086 39475194 38877086 39475194 127 15
6 39475195 40073303 39475195 40073303 93 7
6 40073304 40671412 40073304 40671412 98 4
6 40671413 41269521 40671413 41269521 76 9
6 41269522 41867630 41269522 41867630 77 11
6 41867631 42465739 41867631 42465739 52 14
6 42465740 43063848 42465740 43063848 47 8
6 43063849 43661957 43063849 43661957 64 13
6 43661958 44260066 43661958 44260066 51 22
6 44260067 44858175 44260067 44858175 83 9
6 44858176 45456284 44858176 45456284 42 3
6 45456285 46054393 45456285 46054393 74 5
6 46054394 46652502 46054394 46652502 72 4
6 46652503 47250611 46652503 47250611 99 5
6 47250612 47848720 47250612 47848720 66 5
6 47848721 48446829 47848721 48446829 65 7
6 48446830 49044938 48446830 49044938 46 3
6 49044939 49643047 49044939 49643047 56 7
6 49643048 50241156 49643048 50241156 52 0
6 50241157 50839265 50241157 50839265 56 3
6 50839266 51437374 50839266 51437374 59 6
6 51437375 52035483 51437375 52035483 85 7
6 52035484 52633592 52035484 52633592 107 33
6 52633593 53231701 52633593 53231701 79 14
6 53231702 53829810 53231702 53829810 80 8
6 53829811 54427919 53829811 54427919 83 9
6 54427920 55026028 54427920 55026028 57 10
6 55026029 55624137 55026029 55624137 68 6
6 55624138 56222246 55624138 56222246 75 1
6 56222247 56820355 56222247 56820355 68 3
6 56820356 57418464 56820356 57418464 41 13
6 57418465 58016573 57418465 58016573 22 1
6 58016574 58614682 58016574 58614682 22 1
6 58614683 59212791 58614683 59212791 16 0
6 59212792 59810900 59212792 59810900 0 0
6 59810901 60409009 59810901 60409009 0 0
6 60409010 61007118 60409010 61007118 0 0
6 61007119 61605227 61007119 61605227 0 0
6 61605228 62203336 61605228 62203336 7 2
6 62203337 62801445 62203337 62801445 50 1
6 62801446 63399554 62801446 63399554 55 1
6 63399555 63997663 63399555 63997663 52 2
6 63997664 64595772 63997664 64595772 55 0
6 64595773 65193881 64595773 65193881 43 0
6 65193882 65791990 65193882 65791990 44 8
6 65791991 66390099 65791991 66390099 76 1
6 66390100 66988208 66390100 66988208 83 1
6 66988209 67586317 66988209 67586317 59 8
6 67586318 68184426 67586318 68184426 65 6
6 68184427 68782535 68184427 68782535 58 0
6 68782536 69380644 68782536 69380644 67 4
6 69380645 69978753 69380645 69978753 65 4
6 69978754 70576862 69978754 70576862 57 2
6 70576863 71174971 70576863 71174971 91 8
6 71174972 71773080 71174972 71773080 61 7
6 71773081 72371189 71773081 72371189 80 4
6 72371190 72969298 72371190 72969298 72 3
6 72969299 73567407 72969299 73567407 61 8
6 73567408 74165516 73567408 74165516 61 6
6 74165517 74763625 74165517 74763625 65 7
6 74763626 75361734 74763626 75361734 59 3
6 75361735 75959843 75361735 75959843 32 0
6 75959844 76557952 75959844 76557952 37 9
6 76557953 77156061 76557953 77156061 60 1
6 77156062 77754170 77156062 77754170 69 8
6 77754171 78352279 77754171 78352279 72 7
6 78352280 78950388 78352280 78950388 55 1
6 78950389 79548497 78950389 79548497 60 5
6 79548498 80146606 79548498 80146606 53 5
6 80146607 80744715 80146607 80744715 98 4
6 80744716 81342824 80744716 81342824 72 1
6 81342825 81940933 81342825 81940933 65 3
6 81940934 82539042 81940934 82539042 60 3
6 82539043 83137151 82539043 83137151 55 8
6 83137152 83735260 83137152 83735260 67 12
6 83735261 84333369 83735261 84333369 48 10
6 84333370 84931478 84333370 84931478 60 4
6 84931479 85529587 84931479 85529587 77 4
6 85529588 86127696 85529588 86127696 102 12
6 86127697 86725805 86127697 86725805 53 2
6 86725806 87323914 86725806 87323914 54 12
6 87323915 87922023 87323915 87922023 62 5
6 87922024 88520132 87922024 88520132 75 8
6 88520133 89118241 88520133 89118241 63 9
6 89118242 89716350 89118242 89716350 68 4
6 89716351 90314459 89716351 90314459 80 12
6 90314460 90912568 90314460 90912568 59 115
6 90912569 91510677 90912569 91510677 84 371
6 91510678 92108786 91510678 92108786 64 5
6 92108787 92706895 92108787 92706895 49 6
6 92706896 93305004 92706896 93305004 71 10
6 93305005 93903113 93305005 93903113 65 8
6 93903114 94501222 93903114 94501222 63 12
6 94501223 95099331 94501223 95099331 64 4
6 95099332 95697440 95099332 95697440 34 5
6 95697441 96295549 95697441 96295549 23 5
6 96295550 96893658 96295550 96893658 69 8
6 96893659 97491767 96893659 97491767 60 12
6 97491768 98089876 97491768 98089876 52 5
6 98089877 98687985 98089877 98687985 39 4
6 98687986 99286094 98687986 99286094 47 4
6 99286095 99884203 99286095 99884203 84 21
6 99884204 100482312 99884204 100482312 65 12
6 100482313 101080421 100482313 101080421 47 9
6 101080422 101678530 101080422 101678530 47 1
6 101678531 102276639 101678531 102276639 44 2
6 102276640 102874748 102276640 102874748 45 8
6 102874749 103472857 102874749 103472857 37 3
6 103472858 104070966 103472858 104070966 60 9
6 104070967 104669075 104070967 104669075 55 5
6 104669076 105267184 104669076 105267184 65 4
6 105267185 105865293 105267185 105865293 41 19
6 105865294 106463402 105865294 106463402 62 12
6 106463403 107061511 106463403 107061511 85 622
6 107061512 107659620 107061512 107659620 73 16
6 107659621 108257729 107659621 108257729 79 5
6 108257730 108855838 108257730 108855838 38 3
6 108855839 109453947 108855839 109453947 62 5
6 109453948 110052056 109453948 110052056 52 10
6 110052057 110650165 110052057 110650165 73 7
6 110650166 111248274 110650166 111248274 67 5
6 111248275 111846383 111248275 111846383 43 606
6 111846384 112444492 111846384 112444492 82 520
6 112444493 113042601 112444493 113042601 74 8
6 113042602 113640710 113042602 113640710 56 15
6 113640711 114238819 113640711 114238819 62 7
6 114238820 114836928 114238820 114836928 75 6
6 114836929 115435037 114836929 115435037 47 1
6 115435038 116033146 115435038 116033146 44 1
6 116033147 116631255 116033147 116631255 62 5
6 116631256 117229364 116631256 117229364 60 11
6 117229365 117827473 117229365 117827473 60 3
6 117827474 118425582 117827474 118425582 55 4
6 118425583 119023691 118425583 119023691 67 9
6 119023692 119621800 119023692 119621800 73 12
6 119621801 120219909 119621801 120219909 77 7
6 120219910 120818018 120219910 120818018 46 3
6 120818019 121416127 120818019 121416127 65 5
6 121416128 122014236 121416128 122014236 50 1
6 122014237 122612345 122014237 122612345 67 7
6 122612346 123210454 122612346 123210454 65 6
6 123210455 123808563 123210455 123808563 73 8
6 123808564 124406672 123808564 124406672 67 7
6 124406673 125004781 124406673 125004781 77 14
6 125004782 125602890 125004782 125602890 63 13
6 125602891 126200999 125602891 126200999 49 9
6 126201000 126799108 126201000 126799108 32 378
6 126799109 127397217 126799109 127397217 32 816
6 127397218 127995326 127397218 127995326 64 101
6 127995327 128593435 127995327 128593435 39 773
6 128593436 129191544 128593436 129191544 50 2
6 129191545 129789653 129191545 129789653 61 3
6 129789654 130387762 129789654 130387762 99 13
6 130387763 130985871 130387763 130985871 74 18
6 130985872 131583980 130985872 131583980 81 5
6 131583981 132182089 131583981 132182089 40 3
6 132182090 132780198 132182090 132780198 74 14
6 132780199 133378307 132780199 133378307 96 5
6 133378308 133976416 133378308 133976416 69 10
6 133976417 134574525 133976417 134574525 60 6
6 134574526 135172634 134574526 135172634 59 7
6 135172635 135770743 135172635 135770743 42 17
6 135770744 136368852 135770744 136368852 62 10
6 136368853 136966961 136368853 136966961 35 5
6 136966962 137565070 136966962 137565070 55 23
6 137565071 138163179 137565071 138163179 84 742
6 138163180 138761288 138163180 138761288 59 330
6 138761289 139359397 138761289 139359397 67 5
6 139359398 139957506 139359398 139957506 54 10
6 139957507 140555615 139957507 140555615 72 6
6 140555616 141153724 140555616 141153724 27 5
6 141153725 141751833 141153725 141751833 38 9
6 141751834 142349942 141751834 142349942 46 4
6 142349943 142948051 142349943 142948051 55 5
6 142948052 143546160 142948052 143546160 58 6
6 143546161 144144269 143546161 144144269 100 8
6 144144270 144742378 144144270 144742378 57 4
6 144742379 145340487 144742379 145340487 66 4
6 145340488 145938596 145340488 145938596 87 3
6 145938597 146536705 145938597 146536705 40 0
6 146536706 147134814 146536706 147134814 56 9
6 147134815 147732923 147134815 147732923 47 0
6 147732924 148331032 147732924 148331032 66 6
6 148331033 148929141 148331033 148929141 104 8
6 148929142 149527250 148929142 149527250 82 14
6 149527251 150125359 149527251 150125359 64 11
6 150125360 150723468 150125360 150723468 56 11
6 150723469 151321577 150723469 151321577 105 10
6 151321578 151919686 151321578 151919686 89 12
6 151919687 152517795 151919687 152517795 82 9
6 152517796 153115904 152517796 153115904 80 112
6 153115905 153714013 153115905 153714013 82 11
6 153714014 154312122 153714014 154312122 79 6
6 154312123 154910231 154312123 154910231 86 17
6 154910232 155508340 154910232 155508340 65 5
6 155508341 156106449 155508341 156106449 81 2
6 156106450 156704558 156106450 156704558 88 5
6 156704559 157302667 156704559 157302667 70 5
6 157302668 157900776 157302668 157900776 20 0
6 157900777 158498885 157900777 158498885 100 6
6 158498886 159096994 158498886 159096994 84 4
6 159096995 159695103 159096995 159695103 67 665
6 159695104 160293212 159695104 160293212 69 7
6 160293213 160891321 160293213 160891321 130 25
6 160891322 161489430 160891322 161489430 83 6
6 161489431 162087539 161489431 162087539 116 15
6 162087540 162685648 162087540 162685648 70 8
6 162685649 163283757 162685649 163283757 73 4
6 163283758 163881866 163283758 163881866 76 7
6 163881867 164479975 163881867 164479975 112 13
6 164479976 165078084 164479976 165078084 68 8
6 165078085 165676193 165078085 165676193 108 6
6 165676194 166274302 165676194 166274302 97 12
6 166274303 166872411 166274303 166872411 110 10
6 166872412 167470520 166872412 167470520 101 836
6 167470521 168068629 167470521 168068629 53 4
6 168068630 168666738 168068630 168666738 77 18
6 168666739 170723975 168666739 170723975 234 88
