7 1 598765 1 598765 7 2
7 598766 1197530 598766 1197530 25 3
7 1197531 1796295 1197531 1796295 9 6
7 1796296 2395060 1796296 2395060 21 45
7 2395061 2993825 2395061 2993825 24 13
7 2993826 3592590 2993826 3592590 33 10
7 3592591 4191355 3592591 4191355 37 16
7 4191356 4790120 4191356 4790120 22 13
7 4790121 5388885 4790121 5388885 18 7
7 5388886 5987650 5388886 5987650 11 7
7 5987651 6586415 5987651 6586415 21 11
7 6586416 7185180 6586416 7185180 20 7
7 7185181 7783945 7185181 7783945 46 7
7 7783946 8382710 7783946 8382710 35 21
7 8382711 8981475 8382711 8981475 37 13
7 8981476 9580240 8981476 9580240 20 9
7 9580241 10179005 9580241 10179005 31 7
7 10179006 10777770 10179006 10777770 23 24
7 10777771 11376535 10777771 11376535 30 10
7 11376536 11975300 11376536 11975300 41 13
7 11975301 12574065 11975301 12574065 51 10
7 12574066 13172830 12574066 13172830 33 6
7 13172831 13771595 13172831 13771595 46 7
7 13771596 14370360 13771596 14370360 27 8
7 14370361 14969125 14370361 14969125 35 5
7 14969126 15567890 14969126 15567890 34 4
7 15567891 16166655 15567891 16166655 36 2
7 16166656 16765420 16166656 16765420 31 15
7 16765421 17364185 16765421 17364185 43 13
7 17364186 17962950 17364186 17962950 40 21
7 17962951 18561715 17962951 18561715 26 17
7 18561716 19160480 18561716 19160480 43 22
7 19160481 19759245 19160481 19759245 36 4
7 19759246 20358010 19759246 20358010 28 11
7 20358011 20956775 20358011 20956775 34 22
7 20956776 21555540 20956776 21555540 44 10
7 21555541 22154305 21555541 22154305 52 15
7 22154306 22753070 22154306 22753070 44 51
7 22753071 23351835 22753071 23351835 31 26
7 23351836 23950600 23351836 23950600 36 9
7 23950601 24549365 23950601 24549365 55 6
7 24549366 25148130 24549366 25148130 33 34
7 25148131 25746895 25148131 25746895 62 11
7 25746896 26345660 25746896 26345660 17 8
7 26345661 26944425 26345661 26944425 44 751
7 26944426 27543190 26944426 27543190 32 558
7 27543191 28141955 27543191 28141955 24 145
7 28141956 28740720 28141956 28740720 52 234
7 28740721 29339485 28740721 29339485 47 12
7 29339486 29938250 29339486 29938250 51 7
7 29938251 30537015 29938251 30537015 11 6
7 30537016 31135780 30537016 31135780 26 6
7 31135781 31734545 31135781 31734545 41 24
7 31734546 32333310 31734546 32333310 54 21
7 32333311 32932075 32333311 32932075 32 3
7 32932076 33530840 32932076 33530840 33 12
7 33530841 34129605 33530841 34129605 44 8
7 34129606 34728370 34129606 34728370 36 11
7 34728371 35327135 34728371 35327135 22 6
7 35327136 35925900 35327136 35925900 39 5
7 35925901 36524665 35925901 36524665 36 18
7 36524666 37123430 36524666 37123430 48 12
7 37123431 37722195 37123431 37722195 32 270
7 37722196 38320960 37722196 38320960 49 10
7 38320961 38919725 38320961 38919725 48 18
7 38919726 39518490 38919726 39518490 42 8
7 39518491 40117255 39518491 40117255 20 7
7 40117256 40716020 40117256 40716020 16 1
7 40716021 41314785 40716021 41314785 34 3
7 41314786 41913550 41314786 41913550 34 14
7 41913551 42512315 41913551 42512315 24 8
7 42512316 43111080 42512316 43111080 19 4
7 43111081 43709845 43111081 43709845 32 7
7 43709846 44308610 43709846 44308610 26 12
7 44308611 44907375 44308611 44907375 20 6
7 44907376 45506140 44907376 45506140 38 3
7 45506141 46104905 45506141 46104905 33 14
7 46104906 46703670 46104906 46703670 34 2
7 46703671 47302435 46703671 47302435 38 12
7 47302436 47901200 47302436 47901200 36 29
7 47901201 48499965 47901201 48499965 37 5
7 48499966 49098730 48499966 49098730 37 3
7 49098731 49697495 49098731 49697495 28 10
7 49697496 50296260 49697496 50296260 32 262
7 50296261 50895025 50296261 50895025 42 1115
7 50895026 51493790 50895026 51493790 27 481
7 51493791 52092555 51493791 52092555 40 6
7 52092556 52691320 52092556 52691320 36 7
7 52691321 53290085 52691321 53290085 32 7
7 53290086 53888850 53290086 53888850 35 24
7 53888851 54487615 53888851 54487615 22 5
7 54487616 55086380 54487616 55086380 33 5
7 55086381 55685145 55086381 55685145 31 17
7 55685146 56283910 55685146 56283910 14 6
7 56283911 56882675 56283911 56882675 18 2
7 56882676 57481440 56882676 57481440 15 1
7 57481441 58080205 57481441 58080205 5 2
7 58080206 58678970 58080206 58678970 0 0
7 58678971 59277735 58678971 59277735 0 0
7 59277736 59876500 59277736 59876500 0 0
7 59876501 60475265 59876501 60475265 0 0
7 60475266 61074030 60475266 61074030 0 0
7 61074031 61672795 61074031 61672795 0 0
7 61672796 62271560 61672796 62271560 1 1
7 62271561 62870325 62271561 62870325 2 0
7 62870326 63469090 62870326 63469090 12 3
7 63469091 64067855 63469091 64067855 18 2
7 64067856 64666620 64067856 64666620 9 1
7 64666621 65265385 64666621 65265385 14 0
7 65265386 65864150 65265386 65864150 24 1
7 65864151 66462915 65864151 66462915 25 1
7 66462916 67061680 66462916 67061680 26 11
7 67061681 67660445 67061681 67660445 29 5
7 67660446 68259210 67660446 68259210 28 23
7 68259211 68857975 68259211 68857975 23 4
7 68857976 69456740 68857976 69456740 23 0
7 69456741 70055505 69456741 70055505 42 15
7 70055506 70654270 70055506 70654270 33 14
7 70654271 71253035 70654271 71253035 30 4
7 71253036 71851800 71253036 71851800 17 15
7 71851801 72450565 71851801 72450565 5 2
7 72450566 73049330 72450566 73049330 10 9
7 73049331 73648095 73049331 73648095 13 20
7 73648096 74246860 73648096 74246860 1 119
7 74246861 74845625 74246861 74845625 0 6
7 74845626 75444390 74845626 75444390 17 118
7 75444391 76043155 75444391 76043155 15 4
7 76043156 76641920 76043156 76641920 1 4
7 76641921 77240685 76641921 77240685 33 5
7 77240686 77839450 77240686 77839450 31 6
7 77839451 78438215 77839451 78438215 47 22
7 78438216 79036980 78438216 79036980 29 4
7 79036981 79635745 79036981 79635745 20 3
7 79635746 80234510 79635746 80234510 33 9
7 80234511 80833275 80234511 80833275 19 8
7 80833276 81432040 80833276 81432040 12 5
7 81432041 82030805 81432041 82030805 36 14
7 82030806 82629570 82030806 82629570 22 8
7 82629571 83228335 82629571 83228335 43 5
7 83228336 83827100 83228336 83827100 32 7
7 83827101 84425865 83827101 84425865 21 1
7 84425866 85024630 84425866 85024630 27 3
7 85024631 85623395 85024631 85623395 31 11
7 85623396 86222160 85623396 86222160 30 3
7 86222161 86820925 86222161 86820925 30 12
7 86820926 87419690 86820926 87419690 40 41
7 87419691 88018455 87419691 88018455 28 5
7 88018456 88617220 88018456 88617220 28 19
7 88617221 89215985 88617221 89215985 26 1
7 89215986 89814750 89215986 89814750 34 9
7 89814751 90413515 89814751 90413515 40 19
7 90413516 91012280 90413516 91012280 28 7
7 91012281 91611045 91012281 91611045 30 2
7 91611046 92209810 91611046 92209810 12 8
7 92209811 92808575 92209811 92808575 17 3
7 92808576 93407340 92808576 93407340 25 4
7 93407341 94006105 93407341 94006105 22 3
7 94006106 94604870 94006106 94604870 22 5
7 94604871 95203635 94604871 95203635 47 9
7 95203636 95802400 95203636 95802400 36 4
7 95802401 96401165 95802401 96401165 30 5
7 96401166 96999930 96401166 96999930 22 2
7 96999931 97598695 96999931 97598695 18 4
7 97598696 98197460 97598696 98197460 36 8
7 98197461 98796225 98197461 98796225 21 11
7 98796226 99394990 98796226 99394990 24 6
7 99394991 99993755 99394991 99993755 17 6
7 99993756 100592520 99993756 100592520 22 27
7 100592521 101191285 100592521 101191285 21 10
7 101191286 101790050 101191286 101790050 25 17
7 101790051 102388815 101790051 102388815 9 1
7 102388816 102987580 102388816 102987580 24 4
7 102987581 103586345 102987581 103586345 46 11
7 103586346 104185110 103586346 104185110 37 4
7 104185111 104783875 104185111 104783875 28 3
7 104783876 105382640 104783876 105382640 25 6
7 105382641 105981405 105382641 105981405 31 19
7 105981406 106580170 105981406 106580170 40 6
7 106580171 107178935 106580171 107178935 22 6
7 107178936 107777700 107178936 107777700 39 365
7 107777701 108376465 107777701 108376465 24 5
7 108376466 108975230 108376466 108975230 19 13
7 108975231 109573995 108975231 109573995 10 2
7 109573996 110172760 109573996 110172760 35 2
7 110172761 110771525 110172761 110771525 27 3
7 110771526 111370290 110771526 111370290 21 10
7 111370291 111969055 111370291 111969055 32 10
7 111969056 112567820 111969056 112567820 17 10
7 112567821 113166585 112567821 113166585 23 1
7 113166586 113765350 113166586 113765350 19 4
7 113765351 114364115 113765351 114364115 15 4
7 114364116 114962880 114364116 114962880 20 3
7 114962881 115561645 114962881 115561645 16 0
7 115561646 116160410 115561646 116160410 39 4
7 116160411 116759175 116160411 116759175 21 11
7 116759176 117357940 116759176 117357940 25 10
7 117357941 117956705 117357941 117956705 22 4
7 117956706 118555470 117956706 118555470 17 1
7 118555471 119154235 118555471 119154235 10 0
7 119154236 119753000 119154236 119753000 8 3
7 119753001 120351765 119753001 120351765 26 0
7 120351766 120950530 120351766 120950530 31 8
7 120950531 121549295 120950531 121549295 37 7
7 121549296 122148060 121549296 122148060 13 6
7 122148061 122746825 122148061 122746825 35 3
7 122746826 123345590 122746826 123345590 28 12
7 123345591 123944355 123345591 123944355 20 3
7 123944356 124543120 123944356 124543120 34 5
7 124543121 125141885 124543121 125141885 17 2
7 125141886 125740650 125141886 125740650 33 4
7 125740651 126339415 125740651 126339415 29 1
7 126339416 126938180 126339416 126938180 41 7
7 126938181 127536945 126938181 127536945 32 10
7 127536946 128135710 127536946 128135710 22 9
7 128135711 128734475 128135711 128734475 21 449
7 128734476 129333240 128734476 129333240 25 2
7 129333241 129932005 129333241 129932005 27 11
7 129932006 130530770 129932006 130530770 28 6
7 130530771 131129535 130530771 131129535 17 13
7 131129536 131728300 131129536 131728300 43 7
7 131728301 132327065 131728301 132327065 22 2
7 132327066 132925830 132327066 132925830 27 1
7 132925831 133524595 132925831 133524595 24 0
7 133524596 134123360 133524596 134123360 29 3
7 134123361 134722125 134123361 134722125 28 18
7 134722126 135320890 134722126 135320890 29 3
7 135320891 135919655 135320891 135919655 29 14
7 135919656 136518420 135919656 136518420 28 9
7 136518421 137117185 136518421 137117185 34 7
7 137117186 137715950 137117186 137715950 23 10
7 137715951 138314715 137715951 138314715 25 7
7 138314716 138913480 138314716 138913480 17 6
7 138913481 139512245 138913481 139512245 38 5
7 139512246 140111010 139512246 140111010 23 5
7 140111011 140709775 140111011 140709775 30 8
7 140709776 141308540 140709776 141308540 25 7
7 141308541 141907305 141308541 141907305 38 6
7 141907306 142506070 141907306 142506070 31 5
7 142506071 143104835 142506071 143104835 9 10
7 143104836 143703600 143104836 143703600 18 2
7 143703601 144302365 143703601 144302365 36 13
7 144302366 144901130 144302366 144901130 30 4
7 144901131 145499895 144901131 145499895 17 4
7 145499896 146098660 145499896 146098660 26 6
7 146098661 146697425 146098661 146697425 30 7
7 146697426 147296190 146697426 147296190 34 13
7 147296191 147894955 147296191 147894955 42 5
7 147894956 148493720 147894956 148493720 18 8
7 148493721 149092485 148493721 149092485 24 15
7 149092486 149691250 149092486 149691250 2 10
7 149691251 150290015 149691251 150290015 47 22
7 150290016 150888780 150290016 150888780 34 23
7 150888781 151487545 150888781 151487545 28 4
7 151487546 152086310 151487546 152086310 12 0
7 152086311 152685075 152086311 152685075 28 9
7 152685076 153283840 152685076 153283840 22 190
7 153283841 153882605 153283841 153882605 26 14
7 153882606 154481370 153882606 154481370 24 10
7 154481371 155080135 154481371 155080135 12 12
7 155080136 155678900 155080136 155678900 28 7
7 155678901 156277665 155678901 156277665 36 12
7 156277666 156876430 156277666 156876430 19 9
7 156876431 157475195 156876431 157475195 26 13
7 157475196 158742541 157475196 158742541 55 30
