8 1 599484 1 599484 31 7
8 599485 1198968 599485 1198968 34 17
8 1198969 1798452 1198969 1798452 46 5
8 1798453 2397936 1798453 2397936 40 19
8 2397937 2997420 2397937 2997420 40 15
8 2997421 3596904 2997421 3596904 79 19
8 3596905 4196388 3596905 4196388 115 31
8 4196389 4795872 4196389 4795872 79 26
8 4795873 5395356 4795873 5395356 84 14
8 5395357 5994840 5395357 5994840 91 23
8 5994841 6594324 5994841 6594324 52 17
8 6594325 7193808 6594325 7193808 23 7
8 7193809 7793292 7193809 7793292 0 1
8 7793293 8392776 7793293 8392776 29 8
8 8392777 8992260 8392777 8992260 57 15
8 8992261 9591744 8992261 9591744 56 26
8 9591745 10191228 9591745 10191228 46 19
8 10191229 10790712 10191229 10790712 54 564
8 10790713 11390196 10790713 11390196 49 1959
8 11390197 11989680 11390197 11989680 42 431
8 11989681 12589164 11989681 12589164 0 0
8 12589165 13188648 12589165 13188648 30 16
8 13188649 13788132 13188649 13788132 60 13
8 13788133 14387616 13788133 14387616 44 11
8 14387617 14987100 14387617 14987100 59 7
8 14987101 15586584 14987101 15586584 41 13
8 15586585 16186068 15586585 16186068 64 7
8 16186069 16785552 16186069 16785552 25 26
8 16785553 17385036 16785553 17385036 42 12
8 17385037 17984520 17385037 17984520 56 9
8 17984521 18584004 17984521 18584004 59 13
8 18584005 19183488 18584005 19183488 50 30
8 19183489 19782972 19183489 19782972 59 35
8 19782973 20382456 19782973 20382456 42 22
8 20382457 20981940 20382457 20981940 45 1
8 20981941 21581424 20981941 21581424 50 3
8 21581425 22180908 21581425 22180908 21 7
8 22180909 22780392 22180909 22780392 22 26
8 22780393 23379876 22780393 23379876 28 8
8 23379877 23979360 23379877 23979360 34 5
8 23979361 24578844 23979361 24578844 22 6
8 24578845 25178328 24578845 25178328 29 11
8 25178329 25777812 25178329 25777812 29 9
8 25777813 26377296 25777813 26377296 38 1
8 26377297 26976780 26377297 26976780 59 8
8 26976781 27576264 26976781 27576264 46 10
8 27576265 28175748 27576265 28175748 45 17
8 28175749 28775232 28175749 28775232 27 8
8 28775233 29374716 28775233 29374716 27 1
8 29374717 29974200 29374717 29974200 26 5
8 29974201 30573684 29974201 30573684 23 1
8 30573685 31173168 30573685 31173168 25 0
8 31173169 31772652 31173169 31772652 31 5
8 31772653 32372136 31772653 32372136 46 7
8 32372137 32971620 32372137 32971620 36 7
8 32971621 33571104 32971621 33571104 26 3
8 33571105 34170588 33571105 34170588 20 2
8 34170589 34770072 34170589 34770072 26 3
8 34770073 35369556 34770073 35369556 26 2
8 35369557 35969040 35369557 35969040 12 14
8 35969041 36568524 35969041 36568524 5 1
8 36568525 37168008 36568525 37168008 13 9
8 37168009 37767492 37168009 37767492 19 8
8 37767493 38366976 37767493 38366976 7 3
8 38366977 38966460 38366977 38966460 23 10
8 38966461 39565944 38966461 39565944 18 2
8 39565945 40165428 39565945 40165428 30 6
8 40165429 40764912 40165429 40764912 33 7
8 40764913 41364396 40764913 41364396 22 6
8 41364397 41963880 41364397 41963880 30 8
8 41963881 42563364 41963881 42563364 15 9
8 42563365 43162848 42563365 43162848 17 3
8 43162849 43762332 43162849 43762332 7 3
8 43762333 44361816 43762333 44361816 0 0
8 44361817 44961300 44361817 44961300 0 0
8 44961301 45560784 44961301 45560784 0 0
8 45560785 46160268 45560785 46160268 0 0
8 46160269 46759752 46160269 46759752 0 0
8 46759753 47359236 46759753 47359236 5 0
8 47359237 47958720 47359237 47958720 10 0
8 47958721 48558204 47958721 48558204 7 2
8 48558205 49157688 48558205 49157688 12 1
8 49157689 49757172 49157689 49757172 13 5
8 49757173 50356656 49757173 50356656 22 7
8 50356657 50956140 50356657 50956140 27 2
8 50956141 51555624 50956141 51555624 24 2
8 51555625 52155108 51555625 52155108 24 2
8 52155109 52754592 52155109 52754592 41 3
8 52754593 53354076 52754593 53354076 26 7
8 53354077 53953560 53354077 53953560 21 5
8 53953561 54553044 53953561 54553044 31 15
8 54553045 55152528 54553045 55152528 30 3
8 55152529 55752012 55152529 55752012 42 10
8 55752013 56351496 55752013 56351496 31 12
8 56351497 56950980 56351497 56950980 43 93
8 56950981 57550464 56950981 57550464 26 754
8 57550465 58149948 57550465 58149948 29 1
8 58149949 58749432 58149949 58749432 30 5
8 58749433 59348916 58749433 59348916 36 10
8 59348917 59948400 59348917 59948400 28 12
8 59948401 60547884 59948401 60547884 24 27
8 60547885 61147368 60547885 61147368 23 2
8 61147369 61746852 61147369 61746852 28 9
8 61746853 62346336 61746853 62346336 41 10
8 62346337 62945820 62346337 62945820 38 4
8 62945821 63545304 62945821 63545304 24 5
8 63545305 64144788 63545305 64144788 39 15
8 64144789 64744272 64144789 64744272 21 4
8 64744273 65343756 64744273 65343756 18 17
8 65343757 65943240 65343757 65943240 28 3
8 65943241 66542724 65943241 66542724 33 5
8 66542725 67142208 66542725 67142208 32 12
8 67142209 67741692 67142209 67741692 30 10
8 67741693 68341176 67741693 68341176 11 4
8 68341177 68940660 68341177 68940660 18 5
8 68940661 69540144 68940661 69540144 35 8
8 69540145 70139628 69540145 70139628 34 6
8 70139629 70739112 70139629 70739112 30 1
8 70739113 71338596 70739113 71338596 38 10
8 71338597 71938080 71338597 71938080 19 20
8 71938081 72537564 71938081 72537564 30 19
8 72537565 73137048 72537565 73137048 45 23
8 73137049 73736532 73137049 73736532 40 11
8 73736533 74336016 73736533 74336016 38 10
8 74336017 74935500 74336017 74935500 25 6
8 74935501 75534984 74935501 75534984 22 7
8 75534985 76134468 75534985 76134468 25 7
8 76134469 76733952 76134469 76733952 35 12
8 76733953 77333436 76733953 77333436 34 6
8 77333437 77932920 77333437 77932920 20 3
8 77932921 78532404 77932921 78532404 26 2
8 78532405 79131888 78532405 79131888 22 3
8 79131889 79731372 79131889 79731372 20 786
8 79731373 80330856 79731373 80330856 25 380
8 80330857 80930340 80330857 80930340 33 8
8 80930341 81529824 80930341 81529824 37 7
8 81529825 82129308 81529825 82129308 30 12
8 82129309 82728792 82129309 82728792 27 1
8 82728793 83328276 82728793 83328276 18 6
8 83328277 83927760 83328277 83927760 29 21
8 83927761 84527244 83927761 84527244 24 2
8 84527245 85126728 84527245 85126728 28 4
8 85126729 85726212 85126729 85726212 25 3
8 85726213 86325696 85726213 86325696 17 1
8 86325697 86925180 86325697 86925180 11 2
8 86925181 87524664 86925181 87524664 34 4
8 87524665 88124148 87524665 88124148 30 4
8 88124149 88723632 88124149 88723632 19 2
8 88723633 89323116 88723633 89323116 27 12
8 89323117 89922600 89323117 89922600 18 51
8 89922601 90522084 89922601 90522084 26 5
8 90522085 91121568 90522085 91121568 27 11
8 91121569 91721052 91121569 91721052 24 1
8 91721053 92320536 91721053 92320536 14 7
8 92320537 92920020 92320537 92920020 17 7
8 92920021 93519504 92920021 93519504 24 7
8 93519505 94118988 93519505 94118988 22 5
8 94118989 94718472 94118989 94718472 27 9
8 94718473 95317956 94718473 95317956 45 7
8 95317957 95917440 95317957 95917440 27 1
8 95917441 96516924 95917441 96516924 24 19
8 96516925 97116408 96516925 97116408 54 10
8 97116409 97715892 97116409 97715892 41 8
8 97715893 98315376 97715893 98315376 17 5
8 98315377 98914860 98315377 98914860 32 9
8 98914861 99514344 98914861 99514344 40 13
8 99514345 100113828 99514345 100113828 15 0
8 100113829 100713312 100113829 100713312 22 1
8 100713313 101312796 100713313 101312796 27 1
8 101312797 101912280 101312797 101912280 38 6
8 101912281 102511764 101912281 102511764 27 13
8 102511765 103111248 102511765 103111248 35 5
8 103111249 103710732 103111249 103710732 45 6
8 103710733 104310216 103710733 104310216 32 10
8 104310217 104909700 104310217 104909700 29 4
8 104909701 105509184 104909701 105509184 28 7
8 105509185 106108668 105509185 106108668 33 5
8 106108669 106708152 106108669 106708152 28 13
8 106708153 107307636 106708153 107307636 30 5
8 107307637 107907120 107307637 107907120 32 11
8 107907121 108506604 107907121 108506604 47 1
8 108506605 109106088 108506605 109106088 43 3
8 109106089 109705572 109106089 109705572 31 73
8 109705573 110305056 109705573 110305056 37 8
8 110305057 110904540 110305057 110904540 29 9
8 110904541 111504024 110904541 111504024 18 4
8 111504025 112103508 111504025 112103508 9 0
8 112103509 112702992 112103509 112702992 9 1
8 112702993 113302476 112702993 113302476 23 5
8 113302477 113901960 113302477 113901960 32 1
8 113901961 114501444 113901961 114501444 20 6
8 114501445 115100928 114501445 115100928 49 2
8 115100929 115700412 115100929 115700412 19 6
8 115700413 116299896 115700413 116299896 24 9
8 116299897 116899380 116299897 116899380 22 10
8 116899381 117498864 116899381 117498864 18 1
8 117498865 118098348 117498865 118098348 30 14
8 118098349 118697832 118098349 118697832 39 15
8 118697833 119297316 118697833 119297316 30 6
8 119297317 119896800 119297317 119896800 50 12
8 119896801 120496284 119896801 120496284 50 17
8 120496285 121095768 120496285 121095768 44 17
8 121095769 121695252 121095769 121695252 31 5
8 121695253 122294736 121695253 122294736 35 5
8 122294737 122894220 122294737 122894220 28 5
8 122894221 123493704 122894221 123493704 19 3
8 123493705 124093188 123493705 124093188 34 10
8 124093189 124692672 124093189 124692672 30 11
8 124692673 125292156 124692673 125292156 45 20
8 125292157 125891640 125292157 125891640 35 14
8 125891641 126491124 125891641 126491124 34 4
8 126491125 127090608 126491125 127090608 33 107
8 127090609 127690092 127090609 127690092 32 7
8 127690093 128289576 127690093 128289576 38 28
8 128289577 128889060 128289577 128889060 32 22
8 128889061 129488544 128889061 129488544 52 499
8 129488545 130088028 129488545 130088028 38 20
8 130088029 130687512 130088029 130687512 35 15
8 130687513 131286996 130687513 131286996 30 15
8 131286997 131886480 131286997 131886480 44 10
8 131886481 132485964 131886481 132485964 34 11
8 132485965 133085448 132485965 133085448 30 10
8 133085449 133684932 133085449 133684932 58 17
8 133684933 134284416 133684933 134284416 39 6
8 134284417 134883900 134284417 134883900 64 32
8 134883901 135483384 134883901 135483384 50 9
8 135483385 136082868 135483385 136082868 54 20
8 136082869 136682352 136082869 136682352 31 5
8 136682353 137281836 136682353 137281836 48 7
8 137281837 137881320 137281837 137881320 26 6
8 137881321 138480804 137881321 138480804 39 11
8 138480805 139080288 138480805 139080288 54 3
8 139080289 139679772 139080289 139679772 45 26
8 139679773 140279256 139679773 140279256 51 10
8 140279257 140878740 140279257 140878740 50 17
8 140878741 141478224 140878741 141478224 40 5
8 141478225 142077708 141478225 142077708 20 7
8 142077709 142677192 142077709 142677192 48 14
8 142677193 143276676 142677193 143276676 35 6
8 143276677 143876160 143276677 143876160 25 23
8 143876161 144475644 143876161 144475644 26 2
8 144475645 145075128 144475645 145075128 10 13
8 145075129 146264218 145075129 146264218 20 33
