9 1 599654 1 599654 42 19
9 599655 1199308 599655 1199308 54 15
9 1199309 1798962 1199309 1798962 63 10
9 1798963 2398616 1798963 2398616 56 4
9 2398617 2998270 2398617 2998270 57 16
9 2998271 3597924 2998271 3597924 29 7
9 3597925 4197578 3597925 4197578 53 27
9 4197579 4797232 4197579 4797232 45 389
9 4797233 5396886 4797233 5396886 33 613
9 5396887 5996540 5396887 5996540 19 13
9 5996541 6596194 5996541 6596194 36 9
9 6596195 7195848 6596195 7195848 51 20
9 7195849 7795502 7195849 7795502 63 13
9 7795503 8395156 7795503 8395156 48 21
9 8395157 8994810 8395157 8994810 34 25
9 8994811 9594464 8994811 9594464 43 27
9 9594465 10194118 9594465 10194118 47 9
9 10194119 10793772 10194119 10793772 42 8
9 10793773 11393426 10793773 11393426 26 5
9 11393427 11993080 11393427 11993080 31 4
9 11993081 12592734 11993081 12592734 31 7
9 12592735 13192388 12592735 13192388 33 7
9 13192389 13792042 13192389 13792042 30 6
9 13792043 14391696 13792043 14391696 34 22
9 14391697 14991350 14391697 14991350 56 18
9 14991351 15591004 14991351 15591004 35 7
9 15591005 16190658 15591005 16190658 32 2
9 16190659 16790312 16190659 16790312 60 27
9 16790313 17389966 16790313 17389966 36 18
9 17389967 17989620 17389967 17989620 36 5
9 17989621 18589274 17989621 18589274 52 3
9 18589275 19188928 18589275 19188928 51 20
9 19188929 19788582 19188929 19788582 32 11
9 19788583 20388236 19788583 20388236 32 15
9 20388237 20987890 20388237 20987890 38 11
9 20987891 21587544 20987891 21587544 37 10
9 21587545 22187198 21587545 22187198 30 19
9 22187199 22786852 22187199 22786852 31 11
9 22786853 23386506 22786853 23386506 23 1
9 23386507 23986160 23386507 23986160 22 2
9 23986161 24585814 23986161 24585814 23 5
9 24585815 25185468 24585815 25185468 30 6
9 25185469 25785122 25185469 25785122 25 13
9 25785123 26384776 25785123 26384776 31 7
9 26384777 26984430 26384777 26984430 39 13
9 26984431 27584084 26984431 27584084 50 23
9 27584085 28183738 27584085 28183738 41 17
9 28183739 28783392 28183739 28783392 26 18
9 28783393 29383046 28783393 29383046 45 7
9 29383047 29982700 29383047 29982700 46 5
9 29982701 30582354 29982701 30582354 20 4
9 30582355 31182008 30582355 31182008 24 2
9 31182009 31781662 31182009 31781662 25 0
9 31781663 32381316 31781663 32381316 26 0
9 32381317 32980970 32381317 32980970 37 17
9 32980971 33580624 32980971 33580624 35 10
9 33580625 34180278 33580625 34180278 26 30
9 34180279 34779932 34180279 34779932 23 306
9 34779933 35379586 34779933 35379586 21 321
9 35379587 35979240 35379587 35979240 34 20
9 35979241 36578894 35979241 36578894 29 2
9 36578895 37178548 36578895 37178548 31 8
9 37178549 37778202 37178549 37778202 22 6
9 37778203 38377856 37778203 38377856 39 11
9 38377857 38977510 38377857 38977510 18 7
9 38977511 39577164 38977511 39577164 0 0
9 39577165 40176818 39577165 40176818 0 0
9 40176819 40776472 40176819 40776472 0 1
9 40776473 41376126 40776473 41376126 0 0
9 41376127 41975780 41376127 41975780 0 0
9 41975781 42575434 41975781 42575434 0 0
9 42575435 43175088 42575435 43175088 0 0
9 43175089 43774742 43175089 43774742 0 0
9 43774743 44374396 43774743 44374396 0 0
9 44374397 44974050 44374397 44974050 0 0
9 44974051 45573704 44974051 45573704 0 0
9 45573705 46173358 45573705 46173358 0 0
9 46173359 46773012 46173359 46773012 0 0
9 46773013 47372666 46773013 47372666 0 0
9 47372667 47972320 47372667 47972320 0 0
9 47972321 48571974 47972321 48571974 0 0
9 48571975 49171628 48571975 49171628 0 0
9 49171629 49771282 49171629 49771282 0 0
9 49771283 50370936 49771283 50370936 0 0
9 50370937 50970590 50370937 50970590 0 0
9 50970591 51570244 50970591 51570244 0 0
9 51570245 52169898 51570245 52169898 0 0
9 52169899 52769552 52169899 52769552 0 0
9 52769553 53369206 52769553 53369206 0 0
9 53369207 53968860 53369207 53968860 0 0
9 53968861 54568514 53968861 54568514 0 0
9 54568515 55168168 54568515 55168168 0 0
9 55168169 55767822 55168169 55767822 0 0
9 55767823 56367476 55767823 56367476 0 0
9 56367477 56967130 56367477 56967130 0 0
9 56967131 57566784 56967131 57566784 0 0
9 57566785 58166438 57566785 58166438 0 0
9 58166439 58766092 58166439 58766092 0 0
9 58766093 59365746 58766093 59365746 0 0
9 59365747 59965400 59365747 59965400 0 0
9 59965401 60565054 59965401 60565054 0 0
9 60565055 61164708 60565055 61164708 0 0
9 61164709 61764362 61164709 61764362 0 0
9 61764363 62364016 61764363 62364016 0 0
9 62364017 62963670 62364017 62963670 0 0
9 62963671 63563324 62963671 63563324 0 0
9 63563325 64162978 63563325 64162978 0 0
9 64162979 64762632 64162979 64762632 0 0
9 64762633 65362286 64762633 65362286 0 0
9 65362287 65961940 65362287 65961940 0 0
9 65961941 66561594 65961941 66561594 0 0
9 66561595 67161248 66561595 67161248 0 0
9 67161249 67760902 67161249 67760902 0 0
9 67760903 68360556 67760903 68360556 0 0
9 68360557 68960210 68360557 68960210 0 0
9 68960211 69559864 68960211 69559864 0 0
9 69559865 70159518 69559865 70159518 0 0
9 70159519 70759172 70159519 70759172 37 9
9 70759173 71358826 70759173 71358826 41 12
9 71358827 71958480 71358827 71958480 28 10
9 71958481 72558134 71958481 72558134 30 4
9 72558135 73157788 72558135 73157788 53 9
9 73157789 73757442 73157789 73757442 28 8
9 73757443 74357096 73757443 74357096 38 7
9 74357097 74956750 74357097 74956750 34 2
9 74956751 75556404 74956751 75556404 19 6
9 75556405 76156058 75556405 76156058 29 0
9 76156059 76755712 76156059 76755712 30 17
9 76755713 77355366 76755713 77355366 39 7
9 77355367 77955020 77355367 77955020 50 13
9 77955021 78554674 77955021 78554674 36 6
9 78554675 79154328 78554675 79154328 33 10
9 79154329 79753982 79154329 79753982 24 13
9 79753983 80353636 79753983 80353636 33 3
9 80353637 80953290 80353637 80953290 44 6
9 80953291 81552944 80953291 81552944 33 0
9 81552945 82152598 81552945 82152598 39 9
9 82152599 82752252 82152599 82752252 41 10
9 82752253 83351906 82752253 83351906 41 3
9 83351907 83951560 83351907 83951560 20 9
9 83951561 84551214 83951561 84551214 12 4
9 84551215 85150868 84551215 85150868 29 5
9 85150869 85750522 85150869 85750522 33 5
9 85750523 86350176 85750523 86350176 36 13
9 86350177 86949830 86350177 86949830 43 27
9 86949831 87549484 86949831 87549484 40 6
9 87549485 88149138 87549485 88149138 23 13
9 88149139 88748792 88149139 88748792 42 15
9 88748793 89348446 88748793 89348446 43 6
9 89348447 89948100 89348447 89948100 33 14
9 89948101 90547754 89948101 90547754 21 3
9 90547755 91147408 90547755 91147408 28 2
9 91147409 91747062 91147409 91747062 28 14
9 91747063 92346716 91747063 92346716 37 7
9 92346717 92946370 92346717 92946370 44 29
9 92946371 93546024 92946371 93546024 43 12
9 93546025 94145678 93546025 94145678 29 2
9 94145679 94745332 94145679 94745332 27 6
9 94745333 95344986 94745333 95344986 28 9
9 95344987 95944640 95344987 95944640 33 10
9 95944641 96544294 95944641 96544294 18 14
9 96544295 97143948 96544295 97143948 18 4
9 97143949 97743602 97143949 97743602 25 12
9 97743603 98343256 97743603 98343256 24 6
9 98343257 98942910 98343257 98942910 4 1
9 98942911 99542564 98942911 99542564 33 3
9 99542565 100142218 99542565 100142218 40 17
9 100142219 100741872 100142219 100741872 48 11
9 100741873 101341526 100741873 101341526 28 7
9 101341527 101941180 101341527 101941180 20 10
9 101941181 102540834 101941181 102540834 24 9
9 102540835 103140488 102540835 103140488 37 9
9 103140489 103740142 103140489 103740142 43 10
9 103740143 104339796 103740143 104339796 46 8
9 104339797 104939450 104339797 104939450 35 12
9 104939451 105539104 104939451 105539104 27 0
9 105539105 106138758 105539105 106138758 43 8
9 106138759 106738412 106138759 106738412 45 16
9 106738413 107338066 106738413 107338066 34 4
9 107338067 107937720 107338067 107937720 31 5
9 107937721 108537374 107937721 108537374 27 9
9 108537375 109137028 108537375 109137028 37 10
9 109137029 109736682 109137029 109736682 27 15
9 109736683 110336336 109736683 110336336 56 33
9 110336337 110935990 110336337 110935990 59 17
9 110935991 111535644 110935991 111535644 39 12
9 111535645 112135298 111535645 112135298 33 5
9 112135299 112734952 112135299 112734952 52 45
9 112734953 113334606 112734953 113334606 27 5
9 113334607 113934260 113334607 113934260 49 6
9 113934261 114533914 113934261 114533914 26 2
9 114533915 115133568 114533915 115133568 45 6
9 115133569 115733222 115133569 115733222 28 15
9 115733223 116332876 115733223 116332876 54 13
9 116332877 116932530 116332877 116932530 40 605
9 116932531 117532184 116932531 117532184 53 17
9 117532185 118131838 117532185 118131838 19 5
9 118131839 118731492 118131839 118731492 43 9
9 118731493 119331146 118731493 119331146 53 4
9 119331147 119930800 119331147 119930800 38 51
9 119930801 120530454 119930801 120530454 39 7
9 120530455 121130108 120530455 121130108 33 4
9 121130109 121729762 121130109 121729762 48 10
9 121729763 122329416 121729763 122329416 23 3
9 122329417 122929070 122329417 122929070 31 879
9 122929071 123528724 122929071 123528724 21 507
9 123528725 124128378 123528725 124128378 30 7
9 124128379 124728032 124128379 124728032 21 11
9 124728033 125327686 124728033 125327686 24 4
9 125327687 125927340 125327687 125927340 29 12
9 125927341 126526994 125927341 126526994 24 23
9 126526995 127126648 126526995 127126648 26 2
9 127126649 127726302 127126649 127726302 21 1
9 127726303 128325956 127726303 128325956 37 51
9 128325957 128925610 128325957 128925610 24 2
9 128925611 129525264 128925611 129525264 24 20
9 129525265 130124918 129525265 130124918 21 6
9 130124919 130724572 130124919 130724572 15 2
9 130724573 131324226 130724573 131324226 16 11
9 131324227 131923880 131324227 131923880 24 2
9 131923881 132523534 131923881 132523534 27 10
9 132523535 133123188 132523535 133123188 14 4
9 133123189 133722842 133123189 133722842 31 3
9 133722843 134322496 133722843 134322496 24 6
9 134322497 134922150 134322497 134922150 33 9
9 134922151 135521804 134922151 135521804 16 21
9 135521805 136121458 135521805 136121458 14 9
9 136121459 136721112 136121459 136721112 13 4
9 136721113 137320766 136721113 137320766 33 4
9 137320767 137920420 137320767 137920420 20 13
9 137920421 138520074 137920421 138520074 21 569
9 138520075 140111180 138520075 140111180 27 77
